2012/8/5 10:13											
control4_20120805							
	1	2	3	4	5	6	7	8	9	10	11	12
A	0.275	1.188	0.373	0.395	0.336	1.067	0.374	0.405	0.35	1.049	0.351	0.292
B	0.599	0.385	1.193	1.093	0.848	0.32	1.132	1.126	0.853	0.348	0.839	0.881
C	1.523	0.358	0.366	0.354	1.141	0.322	0.391	0.401	0.865	0.383	0.29	0.279
D	1.404	1.018	0.824	0.951	1.133	1.028	0.834	1.025	1.158	1.166	0.631	0.768
E	0.399	1.033	0.439	0.414	0.343	1.127	0.404	0.592	0.391	1.213	0.355	0.446
F	1.436	0.361	0.807	0.587	1.163	0.359	0.872	0.638	1.14	0.414	0.75	0.469
G	0.324	0.774	0.363	0.361	0.398	0.663	0.344	0.375	0.425	0.729	0.314	0.292
H	0.422	0.649	0.521	0.807	0.335	0.4	0.5	0.75	0.37	0.5	0.451	0.511

2012/8/5 10:20											
control3_20120805											
	1	2	3	4	5	6	7	8	9	10	11	12
A	0.251	1.329	0.403	0.319	0.31	1.269	0.428	0.492	0.364	1.209	0.405	0.292
B	0.765	0.384	1.448	1.207	0.918	0.362	1.267	1.252	0.84	0.348	1.173	0.99
C	1.367	0.354	0.291	0.36	1.216	0.361	0.3	0.397	1.226	0.394	0.319	0.29
D	1.309	1.105	0.911	0.99	1.173	1.141	0.909	1.047	1.145	1.163	0.754	0.899
E	0.408	1.121	0.432	0.43	0.405	1.204	0.399	0.456	0.393	1.183	0.413	0.313
F	1.244	0.359	0.856	0.65	1.219	0.364	0.874	0.685	1.06	0.385	0.746	0.383
G	0.307	0.814	0.318	0.329	0.358	0.694	0.367	0.361	0.399	0.697	0.301	0.28
H	0.386	0.69	0.534	0.879	0.333	0.532	0.551	0.735	0.352	0.536	0.468	0.621

2012/8/5 10:25											
control2_20120805											
	1	2	3	4	5	6	7	8	9	10	11	12
A	0.222	1.309	0.368	0.35	0.316	1.162	0.431	0.438	0.346	1.255	0.373	0.299
B	0.73	0.377	1.387	1.297	0.896	0.33	1.244	1.233	0.823	0.409	1.181	1.029
C	1.517	0.386	0.377	0.368	1.204	0.405	0.333	0.406	1.185	0.435	0.334	0.326
D	1.441	1.152	0.872	1.013	1.18	1.207	0.876	1.054	1.222	1.243	0.868	0.791
E	0.345	1.141	0.407	0.39	0.409	1.23	0.415	0.469	0.432	1.225	0.436	0.323
F	1.279	0.359	0.901	0.685	1.226	0.375	0.906	0.67	1.13	0.386	0.779	0.406
G	0.326	0.745	0.325	0.34	0.375	0.684	0.355	0.384	0.411	0.818	0.361	0.279
H	0.404	0.711	0.515	0.824	0.324	0.468	0.528	0.754	0.396	0.704	0.51	0.366

2012/8/5 10:30											
control1_20120805											
	1	2	3	4	5	6	7	8	9	10	11	12
A	0.276	1.225	0.38	0.398	0.315	1.072	0.408	0.475	0.356	1.074	0.424	0.344
B	0.774	0.355	1.321	1.264	0.922	0.327	1.23	1.131	0.818	0.371	1.158	1.034
C	1.342	0.362	0.295	0.34	1.222	0.321	0.313	0.37	1.203	0.353	0.328	0.31
D	1.355	1.048	0.866	1.064	1.192	1.164	0.837	1.022	1.174	1.186	0.781	0.874
E	0.348	1.103	0.336	0.5	0.408	1.187	0.387	0.471	0.377	1.19	0.407	0.312
F	1.294	0.352	0.87	0.663	1.169	0.378	0.779	0.615	1.11	0.381	0.78	0.399
G	0.328	0.727	0.292	0.367	0.364	0.746	0.333	0.382	0.464	0.764	0.338	0.278
H	0.427	0.752	0.545	0.975	0.365	0.617	0.54	0.852	0.41	0.631	0.526	0.399

2012/8/5 10:34											
s203_20120805											
	1	2	3	4	5	6	7	8	9	10	11	12
A	0.235	1.218	0.426	0.402	0.357	1.227	0.454	0.416	0.346	1.089	0.403	0.285
B	0.725	0.326	1.327	1.062	0.905	0.349	1.223	1.189	0.81	0.357	1.027	1.042
C	1.327	0.379	0.316	0.36	1.243	0.374	0.322	0.408	0.985	0.391	0.334	0.3
D	1.313	1.211	0.895	0.991	1.253	1.221	0.902	1.114	1.229	1.252	0.892	0.836
E	0.358	1.208	0.437	0.407	0.433	1.216	0.403	0.509	0.43	1.25	0.454	0.311
F	1.251	0.382	0.812	0.642	1.292	0.379	0.824	0.729	1.174	0.391	0.758	0.46
G	0.304	0.794	0.321	0.325	0.387	0.785	0.348	0.381	0.421	0.732	0.381	0.314
H	0.38	0.918	0.56	0.919	0.393	0.707	0.572	0.906	0.387	0.756	0.509	0.602

2012/8/5 10:37											
s201_20120805											
	1	2	3	4	5	6	7	8	9	10	11	12
A	0.265	1.311	0.393	0.346	0.326	1.315	0.448	0.453	0.305	1.275	0.403	0.319
B	0.758	0.34	1.293	1.312	1.24	0.325	1.294	1.059	0.865	0.348	1.322	1.074
C	1.541	0.35	0.311	0.334	1.263	0.416	0.337	0.424	1.245	0.419	0.338	0.355
D	1.395	1.103	0.804	0.971	1.199	1.176	0.899	0.979	1.165	1.232	0.937	0.768
E	0.406	1.131	0.436	0.46	0.415	1.162	0.431	0.495	0.422	1.229	0.467	0.345
F	1.192	0.369	0.861	0.602	1.146	0.406	0.829	0.687	1.166	0.409	0.773	0.491
G	0.343	0.688	0.335	0.333	0.377	0.709	0.378	0.411	0.473	0.708	0.38	0.267
H	0.428	0.747	0.519	0.871	0.379	0.723	0.59	0.853	0.386	0.73	0.516	0.657

2012/8/5 10:41											
s5_20120805											
	1	2	3	4	5	6	7	8	9	10	11	12
A	0.256	1.328	0.377	0.485	0.301	1.179	0.435	0.422	0.334	1.19	0.411	0.319
B	0.772	0.354	1.291	1.287	0.988	0.345	1.266	1.165	0.807	0.352	1.162	0.971
C	1.379	0.369	0.328	0.396	1.335	0.411	0.328	0.421	1.091	0.423	0.338	0.294
D	1.689	1.115	0.886	1.059	1.184	1.135	0.878	1.023	1.06	1.166	0.864	0.775
E	0.365	1.144	0.459	0.467	0.478	1.171	0.4	0.516	0.417	1.121	0.42	0.334
F	1.356	0.385	0.923	0.645	1.199	0.393	0.896	0.639	1.151	0.399	0.818	0.603
G	0.345	0.812	0.343	0.353	0.422	0.926	0.359	0.398	0.457	0.819	0.36	0.274
H	0.443	0.831	0.602	0.947	0.423	0.661	0.563	0.921	0.376	0.744	0.513	0.872

2012/8/5 10:44											
s1_20120805											
	1	2	3	4	5	6	7	8	9	10	11	12
A	0.227	1.143	0.427	0.421	0.324	1.094	0.42	0.448	0.338	1.037	0.383	0.321
B	0.742	0.338	1.261	1.004	0.932	0.332	1.224	1.09	0.853	0.38	1.17	0.957
C	1.304	0.311	0.287	0.337	1.084	0.252	0.356	0.453	1.107	0.391	0.342	0.312
D	1.39	1.152	0.917	0.994	1.164	1.171	0.939	1.082	0.992	1.242	0.716	0.754
E	0.285	1.184	0.35	0.522	0.368	1.199	0.374	0.644	0.401	1.256	0.392	0.321
F	1.251	0.317	0.945	0.652	1.052	0.338	0.962	0.642	1.052	0.413	0.949	0.486
G	0.323	0.916	0.359	0.321	0.375	0.858	0.36	0.387	0.402	0.594	0.354	0.341
H	0.373	0.785	0.578	0.961	0.402	0.714	0.705	0.891	0.353	0.783	0.697	0.571

2012/8/5 10:48											
s208_20120805											
	1	2	3	4	5	6	7	8	9	10	11	12
A	0.209	1.26	0.338	0.65	0.342	1.164	0.335	0.591	0.336	1.086	0.28	0.334
B	0.585	0.298	0.42	0.806	0.533	0.351	0.395	0.834	0.579	0.381	0.545	0.337
C	1.327	0.357	0.384	0.385	1.17	0.404	0.363	0.388	1.174	0.388	0.316	0.288
D	1.629	1.074	0.324	0.88	1.184	1.105	0.376	0.921	1.217	1.17	0.361	0.426
E	0.341	1.054	0.365	0.496	0.451	1.1	0.414	0.531	0.435	1.193	0.36	0.375
F	1.4	0.348	0.31	0.729	1.146	0.381	0.322	0.792	1.076	0.395	0.317	0.346
G	0.335	1.083	0.335	0.328	0.418	0.984	0.335	0.354	0.494	1.018	0.319	0.271
H	0.395	0.921	0.557	0.592	1.252	0.899	0.485	0.556	0.428	0.81	0.387	0.335

2012/8/5 10:51											
s210_20120805											
	1	2	3	4	5	6	7	8	9	10	11	12
A	0.272	1.289	0.451	0.441	0.363	1.12	0.473	0.481	0.348	1.126	0.418	0.306
B	0.973	0.339	1.34	1.201	0.998	0.334	1.237	1.073	0.825	0.377	1.212	1.037
C	1.313	0.389	0.306	0.419	1.227	0.366	0.355	0.38	1.169	0.397	0.319	0.275
D	1.316	1.165	0.987	1.184	1.176	1.235	0.915	1.056	1.077	1.244	0.875	0.859
E	0.376	1.291	0.414	0.6	0.417	1.256	0.396	0.483	0.405	1.246	0.452	0.296
F	1.342	0.436	0.933	0.744	1.285	0.418	0.887	0.663	1.12	0.376	0.829	0.377
G	0.357	1.185	0.353	0.343	0.353	0.953	0.342	0.374	0.383	0.749	0.321	0.272
H	0.309	0.931	0.618	0.914	0.394	0.914	0.594	0.895	0.33	0.703	0.516	0.669

2012/8/5 10:55											
s207_20120805											
	1	2	3	4	5	6	7	8	9	10	11	12
A	0.174	1.413	0.438	0.508	0.349	1.146	0.453	0.46	0.359	1.118	0.433	0.325
B	0.758	0.404	1.235	1.185	0.913	0.335	1.184	1.121	0.757	0.365	1.184	1.08
C	1.399	0.392	0.436	0.382	1.149	0.401	0.343	0.42	1.042	0.418	0.335	0.29
D	1.011	1.137	0.901	1.138	1.125	1.182	0.901	0.992	1.101	1.185	0.855	1.02
E	0.404	1.185	0.479	0.531	0.459	1.175	0.42	0.497	0.45	1.133	0.487	0.327
F	1.621	0.425	0.885	0.688	1.219	0.398	0.882	0.67	1.118	0.404	0.809	0.442
G	0.372	1.079	0.394	0.355	0.397	0.823	0.358	0.398	0.473	0.752	0.365	0.352
H	0.412	1.066	0.609	0.91	0.357	0.81	0.594	0.855	0.411	0.69	0.5	0.331

2012/8/5 10:58											
s204_20120805											
	1	2	3	4	5	6	7	8	9	10	11	12
A	0.26	1.159	0.405	0.391	0.329	1.061	0.391	0.423	0.365	1.15	0.39	0.308
B	0.908	0.361	1.26	1.142	0.914	0.363	1.115	1.063	0.783	0.354	1.119	0.986
C	1.537	0.396	0.348	0.367	1.161	0.366	0.358	0.385	1.113	0.426	0.283	0.379
D	1.372	1.127	0.9	1.015	1.108	1.092	0.82	0.95	1.188	1.159	0.709	0.807
E	0.381	1.193	0.461	0.477	0.473	1.197	0.383	0.515	0.434	1.182	0.341	0.359
F	1.557	0.398	0.799	0.639	1.217	0.363	0.797	0.63	1.176	0.368	0.662	0.498
G	0.28	1.037	0.336	0.342	0.385	0.738	0.326	0.354	0.416	0.78	0.301	0.364
H	0.38	0.781	0.545	0.869	0.381	0.641	0.558	0.826	0.387	0.593	0.541	0.484

2012/8/5 11:03											
s219_20120805											
	1	2	3	4	5	6	7	8	9	10	11	12
A	0.323	1.238	0.355	0.378	0.272	0.667	0.333	0.359	0.302	1.113	0.295	0.354
B	0.692	0.382	1.252	1.064	0.757	0.322	1.136	1.011	0.686	0.306	0.958	0.705
C	1.423	0.399	0.305	0.4	0.916	0.394	0.305	0.342	0.679	0.28	0.287	0.371
D	1.681	1.226	0.946	1.044	1.136	1.14	0.758	0.873	0.962	1.211	0.372	0.588
E	0.38	1.226	0.435	0.469	0.436	1.183	0.37	0.397	0.308	1.163	0.313	0.307
F	1.883	0.428	0.771	0.712	1.203	0.387	0.737	0.645	1.159	0.308	0.446	0.366
G	0.324	0.861	0.31	0.357	0.374	0.701	0.314	0.328	0.354	0.51	0.258	0.358
H	0.31	0.801	0.514	0.67	0.304	0.608	0.376	0.649	0.319	0.599	0.441	0.437

2012/8/5 11:06											
s217_20120805											
	1	2	3	4	5	6	7	8	9	10	11	12
A	0.254	1.039	0.292	0.296	0.354	0.6	0.362	0.318	0.303	1.087	0.31	0.363
B	0.78	0.34	1.127	0.969	0.65	0.279	1.11	1.077	0.759	0.281	0.922	0.71
C	1.424	0.388	0.293	0.393	0.909	0.366	0.323	0.344	0.898	0.318	0.451	0.296
D	1.359	1.124	0.783	1.049	1.073	1.042	0.628	0.755	1.08	1.051	0.428	0.634
E	0.386	1.065	0.418	0.503	0.437	1.079	0.353	0.378	0.331	1.077	0.314	0.339
F	1.201	0.388	0.823	0.822	1.12	0.366	0.819	0.543	1.049	0.371	0.867	0.393
G	0.3	0.745	0.336	0.304	0.339	0.626	0.309	0.319	0.354	0.458	0.315	0.268
H	0.363	0.569	0.436	0.626	0.323	0.516	0.363	0.616	0.329	0.613	0.422	0.425

2012/8/5 11:09											
s223_20120805											
	1	2	3	4	5	6	7	8	9	10	11	12
A	0.304	1.21	0.384	0.403	0.28	0.866	0.325	0.401	0.321	1.144	0.331	0.344
B	0.832	0.447	1.316	1.226	0.975	0.312	1.159	1.142	0.737	0.332	1.064	0.684
C	0.947	0.396	0.314	0.403	0.962	0.395	0.322	0.38	0.736	0.308	0.319	0.361
D	1.482	1.202	0.94	1.097	1.275	1.201	0.885	1.111	1.148	1.16	0.496	0.548
E	0.367	1.267	0.435	0.522	0.49	1.244	0.372	0.471	0.33	1.249	0.363	0.398
F	1.411	0.39	0.805	0.774	1.241	0.428	0.909	0.644	1.157	0.31	0.519	0.372
G	0.383	1.084	0.358	0.325	0.449	0.765	0.352	0.347	0.39	0.634	0.252	0.275
H	0.379	0.899	0.589	0.85	0.377	0.722	0.551	0.766	0.344	0.726	0.441	0.436

2012/8/5 11:13											
s218_20120805											
	1	2	3	4	5	6	7	8	9	10	11	12
A	0.273	1.158	0.347	0.382	0.291	0.741	0.3	0.361	0.326	1.127	0.334	0.345
B	0.844	0.422	1.216	1.104	0.907	0.303	1.098	1.044	0.652	0.333	1.005	0.746
C	1.242	0.377	0.334	0.446	1.008	0.403	0.312	0.371	1.039	0.315	0.281	0.278
D	1.584	1.182	0.953	1.133	1.099	1.138	0.852	0.95	1.109	1.257	0.471	0.511
E	0.384	1.164	0.565	0.58	0.585	1.206	0.458	0.428	0.309	1.208	0.307	0.312
F	1.412	0.417	0.819	0.812	1.236	0.416	0.768	0.712	1.199	0.306	0.474	0.358
G	0.39	0.886	0.384	0.417	0.431	0.745	0.343	0.332	0.359	0.551	0.255	0.309
H	0.36	0.787	0.548	0.817	0.361	0.561	0.504	0.856	0.353	0.608	0.42	0.263

2012/8/5 11:16											
s259_20120805											
	1	2	3	4	5	6	7	8	9	10	11	12
A	0.262	1.126	0.365	0.367	0.302	1.039	0.334	0.333	0.322	0.945	0.334	0.306
B	0.647	0.357	1.122	1.042	0.796	0.385	0.881	0.948	0.66	0.304	0.692	0.882
C	1.277	0.379	0.324	0.366	1.184	0.352	0.3	0.38	1.091	0.309	0.332	0.412
D	1.408	1.22	0.761	1.111	1.178	1.16	0.655	0.881	1.004	0.941	0.372	0.538
E	1.106	1.161	0.411	0.39	0.465	1.151	0.372	0.346	0.339	0.854	0.295	0.392
F	1.298	0.383	0.846	0.64	1.214	0.375	0.792	0.432	1.171	0.289	0.694	0.441
G	0.372	0.846	0.331	0.308	0.408	0.523	0.316	0.335	0.443	0.326	0.251	0.396
H	0.329	0.623	0.52	0.703	0.316	0.443	0.516	0.652	0.312	0.444	0.574	0.554

2012/8/5 11:20											
s258_20120805											
	1	2	3	4	5	6	7	8	9	10	11	12
A	0.276	1.129	0.347	0.366	0.297	1.058	0.338	0.327	0.283	1.048	0.332	0.342
B	0.677	0.344	1.094	1.05	0.762	0.309	0.871	1.006	0.672	0.3	0.849	0.77
C	1.481	0.332	0.298	0.341	1.211	0.325	0.291	0.325	1.011	0.282	0.303	0.373
D	1.448	1.084	0.737	0.971	1.153	0.997	0.596	0.891	0.986	1.033	0.748	0.505
E	0.299	1.089	0.359	0.386	0.328	1.11	0.353	0.312	0.373	0.97	0.284	0.381
F	1.379	0.343	0.832	0.529	1.19	0.346	0.778	0.361	1.135	0.284	0.652	0.362
G	0.321	0.622	0.318	0.319	0.381	0.323	0.299	0.332	0.369	0.296	0.266	0.414
H	0.335	0.658	0.552	0.718	0.293	0.396	0.337	0.62	0.335	0.525	0.561	0.639

2012/8/5 11:24											
s254_20120805											
	1	2	3	4	5	6	7	8	9	10	11	12
A	0.276	1.121	0.389	0.396	0.315	1.079	0.376	0.422	0.347	1.034	0.335	0.297
B	0.76	0.39	1.181	1.136	0.88	0.326	0.912	1.045	0.738	0.317	0.801	0.902
C	1.105	0.359	0.312	0.34	0.946	0.363	0.303	0.358	0.777	0.316	0.258	0.368
D	1.328	1.145	0.885	1.057	1.194	1.163	0.699	1.026	1.077	1.026	0.612	0.646
E	0.367	1.188	0.414	0.392	0.409	1.169	0.381	0.357	0.366	0.938	0.317	0.441
F	1.319	0.384	0.838	0.547	1.172	0.364	0.82	0.472	1.217	0.327	0.818	0.427
G	0.369	0.778	0.326	0.344	0.376	0.465	0.315	0.345	0.417	0.425	0.277	0.358
H	0.334	0.649	0.548	0.709	0.3	0.551	0.521	0.693	0.349	0.498	0.497	0.53

2012/8/5 11:27											
s225_20120805											
	1	2	3	4	5	6	7	8	9	10	11	12
A	0.329	1.35	0.376	0.449	0.343	1.208	0.398	0.472	0.337	1.12	0.35	0.276
B	0.763	0.339	1.159	1.204	0.889	0.335	1.074	1.039	0.789	0.357	0.864	0.974
C	0.672	0.38	0.325	0.349	1.065	0.343	0.379	0.361	0.792	0.385	0.309	0.275
D	1.326	1.09	0.882	1.017	1.169	1.156	0.785	1.086	1.144	1.071	0.591	0.697
E	0.39	1.182	0.39	0.385	0.43	1.201	0.404	0.382	0.375	1.087	0.369	0.395
F	1.381	0.362	0.872	0.616	1.225	0.337	0.867	0.555	1.016	0.38	0.799	0.384
G	0.391	1.007	0.338	0.318	0.5	0.677	0.317	0.325	0.415	0.592	0.333	0.266
H	0.382	0.758	0.607	0.76	0.378	0.602	0.597	0.783	0.364	0.629	0.516	0.617

2012/8/5 11:31											
s216_20120805											
	1	2	3	4	5	6	7	8	9	10	11	12
A	0.291	1.177	0.414	0.622	0.359	1.087	0.431	0.51	0.339	1.127	0.423	0.346
B	0.867	0.374	1.223	1.127	0.871	0.339	1.127	1.138	0.745	0.407	1.151	0.999
C	1.372	0.382	0.312	0.386	1.129	0.387	0.336	0.409	0.916	0.4	0.317	0.305
D	1.152	1.138	0.902	1.027	1.075	1.177	0.97	1.154	1.197	1.258	0.853	0.907
E	0.345	1.095	0.478	0.531	0.455	1.171	0.417	0.531	0.451	1.266	0.412	0.312
F	1.241	0.389	0.834	0.743	1.19	0.381	0.91	0.709	1.219	0.372	0.792	0.403
G	0.384	0.768	0.348	0.345	0.43	0.938	0.358	0.369	0.402	0.826	0.368	0.307
H	0.397	0.779	0.593	0.904	0.428	0.828	0.615	0.843	0.403	0.804	0.555	0.685

2012/8/5 11:35											
s213_20120805											
	1	2	3	4	5	6	7	8	9	10	11	12
A	0.248	1.277	0.413	0.399	0.332	1.193	0.434	0.448	0.362	1.05	0.457	0.342
B	0.87	0.324	1.267	1.265	0.914	0.331	1.209	1.096	0.781	0.373	1.177	1.022
C	1.466	0.378	0.336	0.402	1.196	0.396	0.334	0.383	0.988	0.387	0.322	0.323
D	1.311	1.181	0.958	1.114	1.158	1.183	0.911	1.079	1.191	1.203	0.815	0.899
E	0.376	1.186	0.455	0.525	0.436	1.223	0.364	0.604	0.46	1.23	0.425	0.3
F	1.262	0.388	0.887	0.777	1.231	0.424	0.901	0.734	1.223	0.371	0.75	0.385
G	0.336	0.922	0.329	0.328	0.414	0.819	0.347	0.375	0.447	0.779	0.348	0.288
H	0.355	0.911	0.569	0.907	0.375	0.732	0.582	0.844	0.371	0.785	0.513	0.691

2012/8/5 11:38											
s212_20120805											
	1	2	3	4	5	6	7	8	9	10	11	12
A	0.26	1.272	0.375	0.505	0.315	1.169	0.419	0.45	0.326	1.194	0.427	0.326
B	0.97	0.375	1.26	1.306	0.909	0.384	1.267	1.257	0.787	0.357	1.202	0.957
C	1.322	0.355	0.413	0.391	1.233	0.429	0.346	0.398	1.259	0.373	0.33	0.291
D	1.308	1.076	0.908	1.052	1.159	1.164	0.881	1.043	1.288	1.247	0.813	0.689
E	0.384	1.147	0.431	0.461	0.782	1.178	0.423	0.477	0.426	1.196	0.377	0.293
F	1.353	0.337	0.93	0.742	1.228	0.394	0.914	0.685	1.159	0.413	0.807	0.413
G	0.382	0.779	0.324	0.321	0.432	0.774	0.359	0.378	0.438	0.773	0.343	0.28
H	0.39	0.76	0.574	0.969	0.395	0.708	0.603	0.866	0.37	0.775	0.497	0.674

2012/8/5 11:41											
s211_20120805											
	1	2	3	4	5	6	7	8	9	10	11	12
A	0.221	0.388	0.389	0.641	0.346	0.415	0.452	0.655	0.358	0.406	0.379	0.413
B	0.701	0.389	1.238	1.186	0.76	0.338	1.169	1.011	0.644	0.38	1.115	0.933
C	1.016	0.342	0.335	0.332	1.073	0.331	0.341	0.378	0.82	0.373	0.335	0.3
D	0.787	0.988	0.805	0.984	0.691	0.894	0.734	0.863	0.577	0.844	0.728	0.671
E	0.283	0.313	0.32	0.309	0.398	0.408	0.339	0.301	0.438	0.403	0.406	0.291
F	0.33	0.33	0.886	0.327	0.31	0.32	0.858	0.375	0.346	0.369	0.793	0.284
G	0.307	0.353	0.359	0.324	0.376	0.354	0.332	0.329	0.463	0.393	0.361	0.283
H	0.324	0.475	0.681	0.791	0.413	0.49	0.707	0.659	0.387	0.464	0.6	0.493