2012/8/26 14:16											
s212_20120826
	1	2	3	4	5	6	7	8	9	10	11	12
A	0.242	1.234	0.324	0.457	0.312	1.133	0.361	0.51	0.333	1.214	0.362	0.453
B	0.561	0.303	1.311	1.21	0.995	0.338	1.302	1.223	0.905	0.356	1.263	1.18
C	1.426	0.339	0.307	0.362	0.982	0.4	0.359	0.475	1.127	0.286	0.238	0.419
D	1.205	1.12	0.886	1.104	1.16	1.122	0.877	1.187	1.175	1.252	0.905	1.086
E	0.225	1.028	0.386	0.522	0.391	1.145	0.39	0.639	0.381	1.291	0.378	0.529
F	1.194	0.319	0.966	0.534	1.165	0.277	0.923	0.718	1.151	0.472	0.991	0.681
G	0.257	0.652	0.327	0.317	0.405	0.89	0.318	0.392	0.448	0.906	0.376	0.38
H	0.358	0.479	0.441	0.804	0.321	0.658	0.468	0.893	0.338	0.878	0.499	0.734

2012/8/26 14:20
s219_20120826
	1	2	3	4	5	6	7	8	9	10	11	12
A	0.213	1.162	0.356	0.517	0.322	1.149	0.409	0.685	0.34	1.166	0.376	0.616
B	0.655	0.318	1.254	1.224	0.985	0.226	1.19	1.225	0.936	0.358	1.196	1.148
C	1.136	0.357	0.309	0.323	1.225	0.295	0.228	0.322	1.22	0.455	0.307	0.464
D	1.372	1.253	0.94	1.116	1.2	1.118	0.912	1.136	1.199	1.226	0.966	1.081
E	0.232	1.166	0.485	0.504	0.417	1.168	0.343	0.446	0.371	1.178	0.406	0.458
F	1.29	0.316	0.951	0.628	1.205	0.332	1.038	0.602	1.136	0.418	1.006	0.561
G	0.268	0.638	0.343	0.335	0.366	0.873	0.353	0.335	0.371	0.765	0.314	0.282
H	0.255	0.545	0.495	0.963	0.354	0.567	0.511	0.884	0.322	0.533	0.354	0.501

2012/8/26 14:24
s218_20120826
	1	2	3	4	5	6	7	8	9	10	11	12
A	0.233	0.591	0.323	0.365	0.374	0.871	0.295	0.297	0.336	0.884	0.267	0.336
B	0.372	0.332	0.555	0.648	0.585	0.256	0.636	0.681	0.555	0.29	0.986	0.981
C	0.302	0.274	0.421	0.22	0.524	0.264	0.267	0.291	1.001	0.296	0.27	0.323
D	0.517	0.581	0.36	0.452	0.772	0.691	0.517	0.657	1.16	1.144	0.686	0.813
E	0.416	0.526	0.308	0.283	0.493	0.654	0.313	0.296	0.29	1.016	0.343	0.335
F	0.74	0.332	0.566	0.362	0.938	0.388	0.655	0.338	1.041	0.274	0.701	0.438
G	0.233	0.399	0.278	0.296	0.323	0.414	0.267	0.355	0.292	0.416	0.257	0.272
H	0.229	0.457	0.327	0.31	0.312	0.45	0.391	0.354	0.317	0.625	0.408	0.629

2012/8/26 14:28
s217_20120826
	1	2	3	4	5	6	7	8	9	10	11	12
A	0.314	0.59	0.254	0.367	0.258	0.565	0.382	0.323	0.406	1.041	0.269	0.457
B	0.402	0.289	0.766	0.994	0.67	0.29	0.755	0.865	0.629	0.325	1.279	1.116
C	0.413	0.281	0.324	0.255	1.132	0.305	0.299	0.35	1.029	0.336	0.322	0.403
D	0.546	0.715	0.414	0.563	1.088	1.096	0.75	0.921	1.232	1.158	0.813	1.033
E	0.48	0.579	0.233	0.309	0.276	1.008	0.366	0.339	0.379	1.117	0.424	0.45
F	0.948	0.242	0.493	0.305	1.11	0.314	0.859	0.508	1.065	0.339	0.917	0.586
G	0.321	0.291	0.336	0.25	0.292	0.597	0.267	0.267	0.277	0.679	0.305	0.33
H	0.295	0.438	0.333	0.574	0.26	0.452	0.309	0.447	0.256	0.476	0.374	0.659

2012/8/26 14:31
s216_20120826
	1	2	3	4	5	6	7	8	9	10	11	12
A	0.211	0.595	0.28	0.265	0.257	0.606	0.348	0.32	0.246	1.068	0.316	0.554
B	0.338	0.269	0.862	1.004	0.748	0.291	0.936	0.965	0.708	0.309	1.268	1.194
C	0.311	0.271	0.265	0.241	1.125	0.318	0.315	0.358	1.111	0.396	0.356	0.395
D	0.395	0.539	0.338	0.449	1.042	1.069	0.719	0.828	1.234	1.204	0.859	0.955
E	0.418	0.516	0.326	0.353	0.27	1.082	0.343	0.394	0.363	1.232	0.472	0.491
F	0.614	0.341	0.431	0.3	1.125	0.313	0.847	0.504	1.18	0.379	0.958	0.538
G	0.333	0.341	0.355	0.246	0.285	0.687	0.312	0.333	0.362	0.808	0.362	0.35
H	0.29	0.472	0.344	0.53	0.303	0.512	0.38	0.691	0.302	0.694	0.441	0.764

2012/8/26 14:35
s213_20120826
	1	2	3	4	5	6	7	8	9	10	11	12
A	0.311	0.584	0.282	0.333	0.263	0.512	0.35	0.356	0.267	0.98	0.349	0.536
B	0.407	0.261	0.711	0.934	0.699	0.29	0.91	0.933	0.614	0.343	1.15	1.106
C	0.332	0.234	0.363	0.246	1.035	0.3	0.293	0.361	0.846	0.38	0.351	0.411
D	0.246	0.524	0.374	0.475	1.096	0.973	0.756	0.797	1.191	1.177	0.863	1.075
E	0.392	0.507	0.264	0.308	0.268	1.007	0.361	0.386	0.373	1.225	0.427	0.515
F	0.662	0.251	0.756	0.308	0.953	0.298	0.862	0.537	1.117	0.387	0.962	0.595
G	0.214	0.329	0.288	0.246	0.272	0.703	0.312	0.341	0.405	0.676	0.345	0.342
H	0.293	0.465	0.366	0.531	0.28	0.621	0.482	0.919	0.339	0.707	0.533	0.824

2012/8/26 14:38
s259_20120826
	1	2	3	4	5	6	7	8	9	10	11	12
A	0.202	1.332	0.321	0.581	0.324	1.024	0.38	0.637	0.356	1.106	0.304	0.283
B	0.749	0.302	1.327	1.354	0.955	0.305	1.39	1.337	0.894	0.373	1.119	0.907
C	1.504	0.413	0.362	0.301	1.233	0.386	0.187	0.369	1.166	0.369	0.283	0.34
D	1.674	1.222	0.891	1.114	1.191	1.172	0.895	1.128	1.241	1.225	0.67	0.582
E	0.318	1.182	0.466	0.533	0.428	1.14	0.405	0.582	0.433	1.177	0.3	0.318
F	1.296	0.398	1.025	0.555	1.175	0.284	1.008	0.586	1.105	0.348	0.755	0.417
G	0.296	0.683	0.371	0.315	0.265	0.62	0.194	0.209	0.382	0.828	0.307	0.265
H	0.306	0.664	0.457	0.857	0.356	0.645	0.538	0.971	0.348	0.879	0.468	0.67

2012/8/26 14:41
s258_20120826
	1	2	3	4	5	6	7	8	9	10	11	12
A	0.298	0.548	0.286	0.274	0.389	0.449	0.25	0.182	0.355	0.593	0.234	0.236
B	0.302	0.22	0.42	0.548	0.513	0.215	0.461	0.435	0.417	0.341	0.51	0.512
C	0.467	0.219	0.463	0.286	0.541	0.211	0.474	0.238	0.48	0.314	0.492	0.226
D	0.445	0.68	0.406	0.325	0.341	0.56	0.46	0.458	0.317	0.655	0.396	0.451
E	0.343	0.497	0.254	0.227	0.456	0.564	0.383	0.273	0.523	0.419	0.294	0.3
F	0.55	0.317	0.582	0.243	0.791	0.362	0.479	0.242	0.826	0.368	0.767	0.367
G	0.285	0.263	0.34	0.265	0.257	0.37	0.337	0.306	0.265	0.278	0.29	0.228
H	0.267	0.251	0.352	0.445	0.272	0.371	0.328	0.306	0.332	0.354	0.299	0.252

2012/8/26 14:45
s254_20120826
	1	2	3	4	5	6	7	8	9	10	11	12
A	0.288	0.56	0.251	0.157	0.302	0.245	0.284	0.262	0.327	0.368	0.243	0.198
B	0.278	0.292	0.419	0.427	0.411	0.28	0.302	0.239	0.192	0.314	0.552	0.409
C	0.301	0.314	0.444	0.224	0.396	0.249	0.423	0.407	0.41	0.277	0.323	0.242
D	0.4	0.313	0.35	0.32	0.412	0.639	0.368	0.435	0.424	0.597	0.336	0.718
E	0.441	0.269	0.32	0.264	0.479	0.596	0.212	0.311	0.485	0.734	0.282	0.32
F	0.565	0.253	0.429	0.274	0.774	0.242	0.394	0.362	0.701	0.245	0.723	0.313
G	0.275	0.246	0.415	0.285	0.25	0.4	0.302	0.258	0.283	0.4	0.331	0.291
H	0.253	0.295	0.265	0.401	0.204	0.24	0.303	0.223	0.253	0.275	0.276	0.422

2012/8/26 14:48
s225_20120826
	1	2	3	4	5	6	7	8	9	10	11	12
A	0.224	0.514	0.335	0.232	0.26	0.373	0.269	0.294	0.326	0.601	0.243	0.286
B	0.253	0.193	0.391	0.526	0.576	0.241	0.467	0.431	0.422	0.297	0.549	0.661
C	0.257	0.268	0.5	0.24	0.425	0.219	0.514	0.28	0.613	0.244	0.412	0.34
D	0.334	0.308	0.567	0.42	0.359	0.789	0.491	0.463	0.335	0.782	0.453	0.466
E	0.271	0.35	0.229	0.237	0.553	0.474	0.286	0.221	0.551	0.506	0.354	0.321
F	0.447	0.273	0.307	0.319	0.829	0.335	0.427	0.36	0.747	0.351	0.445	0.233
G	0.228	0.371	0.337	0.29	0.35	0.405	0.297	0.285	0.283	0.254	0.438	0.425
H	0.211	0.335	0.351	0.459	0.293	0.259	0.279	0.323	0.324	0.309	0.264	0.477

2012/8/26 14:51
s223_20120826
	1	2	3	4	5	6	7	8	9	10	11	12
A	0.276	0.751	0.352	0.211	0.362	0.333	0.51	0.185	0.338	0.491	0.305	0.351
B	0.414	0.29	0.478	0.567	0.511	0.226	0.522	0.371	0.435	0.276	0.539	0.586
C	0.461	0.323	0.479	0.342	0.657	0.212	0.33	0.325	0.403	0.272	0.477	0.304
D	0.323	0.53	0.378	0.44	0.597	0.694	0.388	0.466	0.672	0.851	0.441	0.409
E	0.474	0.495	0.226	0.491	0.489	0.581	0.373	0.292	0.526	0.682	0.405	0.209
F	0.705	0.354	0.596	0.374	0.926	0.296	0.745	0.287	0.921	0.291	0.727	0.358
G	0.234	0.365	0.353	0.294	0.364	0.355	0.261	0.32	0.242	0.343	0.257	0.364
H	0.254	0.403	0.345	0.382	0.325	0.382	0.253	0.245	0.315	0.404	0.303	0.233

2012/8/26 14:55
s211_20120826
	1	2	3	4	5	6	7	8	9	10	11	12
A	0.177	0.358	0.352	0.73	0.313	0.35	0.371	0.657	0.296	0.363	0.357	0.704
B	0.482	0.342	1.309	1.232	0.748	0.308	1.228	1.231	0.745	0.339	1.222	1.107
C	1.066	0.324	0.248	0.336	0.625	0.236	0.324	0.32	0.581	0.385	0.231	0.366
D	1.429	0.859	0.807	0.961	0.955	0.988	0.824	0.844	0.831	1.033	0.929	0.877
E	0.218	0.326	0.366	0.348	0.338	0.294	0.296	0.416	0.433	0.268	0.48	0.388
F	0.246	0.313	0.832	0.35	0.353	0.312	0.873	0.436	0.308	0.421	0.923	0.371
G	0.252	0.318	0.348	0.292	0.42	0.389	0.359	0.372	0.429	0.365	0.388	0.344
H	0.248	0.314	0.448	0.634	0.328	0.369	0.414	0.622	0.33	0.392	0.432	0.551

2012/8/26 14:58
s210_20120826
	1	2	3	4	5	6	7	8	9	10	11	12
A	0.177	1.283	0.321	0.431	0.327	1.211	0.38	0.504	0.343	1.301	0.367	0.645
B	0.598	0.283	1.54	1.398	1.034	0.232	1.367	1.343	1.054	0.274	1.397	1.198
C	1.394	0.359	0.475	0.324	1.072	0.378	0.27	0.338	1.111	0.362	0.272	0.412
D	1.087	1.132	0.934	1.191	1.247	1.191	0.916	1.161	1.228	1.257	0.886	1.101
E	0.229	1.094	0.403	0.403	0.437	1.22	0.405	0.424	0.387	1.276	0.462	0.555
F	1.347	0.322	0.963	0.598	1.266	0.254	0.94	0.578	1.195	0.284	1.024	0.632
G	0.287	0.843	0.327	0.225	0.448	0.936	0.335	0.295	0.464	0.944	0.311	0.351
H	0.252	0.839	0.512	1.016	0.331	0.87	0.489	0.878	0.346	0.868	0.512	0.771

2012/8/26 15:02
s208_20120826
	1	2	3	4	5	6	7	8	9	10	11	12
A	0.193	1.404	0.303	0.475	0.362	1.14	0.357	0.613	0.389	1.145	0.343	0.487
B	0.826	0.276	0.337	1.071	1.373	0.219	0.35	1.09	1.224	0.43	0.467	0.957
C	1.436	0.35	0.301	0.32	1.26	0.418	0.277	0.424	1.179	0.452	0.306	0.43
D	1.247	1.231	0.344	0.971	1.28	1.196	0.415	1.037	1.294	1.302	0.452	0.943
E	0.214	1.149	0.396	0.605	0.426	1.196	0.402	0.715	0.506	1.33	0.509	0.594
F	1.575	0.323	0.379	0.75	1.276	0.354	0.34	0.722	1.226	0.453	0.384	0.655
G	0.332	1.064	0.333	0.288	0.464	1.162	0.372	0.394	0.483	1.078	0.369	0.368
H	0.291	0.887	0.512	0.661	0.326	0.736	0.385	0.628	0.347	0.792	0.425	0.448

2012/8/26 15:05
s207_20120826
	1	2	3	4	5	6	7	8	9	10	11	12
A	0.172	1.319	0.379	0.545	0.367	1.168	0.48	0.706	0.413	1.198	0.427	0.521
B	0.622	0.291	1.233	1.237	1.135	0.304	1.238	1.212	0.953	0.506	1.158	1.127
C	1.32	0.353	0.313	0.364	1.017	0.409	0.3	0.48	1.109	0.407	0.335	0.438
D	1.168	1.143	0.952	1.156	1.213	1.19	0.938	1.141	1.232	1.235	1.005	1.079
E	0.176	1.193	0.427	0.514	0.434	1.22	0.433	0.542	0.453	1.317	0.505	0.524
F	2.205	0.338	0.989	0.53	1.194	0.422	1.056	0.649	1.257	0.436	1.079	0.657
G	0.231	0.803	0.351	0.319	0.347	0.916	0.345	0.348	0.399	0.901	0.363	0.365
H	0.197	0.823	0.506	0.936	0.34	0.658	0.453	0.825	0.325	0.806	0.464	0.754

2012/8/26 15:08
s204_20120826
	1	2	3	4	5	6	7	8	9	10	11	12
A	0.2	1.16	0.352	0.714	0.316	1.028	0.363	0.479	0.335	1.113	0.378	0.376
B	0.673	0.303	1.231	1.252	0.785	0.312	0.995	1.173	0.668	0.431	1.122	0.959
C	1.45	0.347	0.3	0.308	1.143	0.396	0.297	0.332	0.987	0.33	0.25	0.474
D	1.389	1.042	0.838	0.941	1.138	1.096	0.861	0.936	1.118	1.146	0.923	0.952
E	0.246	0.922	0.414	0.345	0.279	0.751	0.404	0.254	0.441	1.028	0.44	0.462
F	1.134	0.358	0.936	0.462	0.975	0.351	0.913	0.485	0.996	0.371	0.973	0.499
G	0.325	0.706	0.299	0.328	0.342	0.677	0.253	0.282	0.323	0.783	0.338	0.368
H	0.27	0.616	0.477	0.842	0.339	0.54	0.557	0.8	0.338	0.692	0.499	0.688

2012/8/26 15:12
s203_20120826
	1	2	3	4	5	6	7	8	9	10	11	12
A	0.186	1.097	0.304	0.52	0.316	1.063	0.371	0.494	0.343	0.973	0.379	0.374
B	0.458	0.348	1.236	1.263	0.761	0.341	1.093	1.144	0.645	0.378	1.078	0.837
C	1.352	0.323	0.275	0.365	0.899	0.401	0.307	0.471	1.035	0.37	0.236	0.446
D	0.25	0.972	0.773	0.793	1.104	1.104	0.781	0.844	1.107	1.071	0.882	0.921
E	0.236	0.877	0.36	0.413	0.384	1.002	0.376	0.406	0.4	0.871	0.644	0.509
F	0.803	0.266	0.786	0.619	1.077	0.462	0.912	0.573	0.888	0.5	0.946	0.473
G	0.327	0.481	0.305	0.302	0.393	0.689	0.367	0.392	0.393	0.675	0.312	0.372
H	0.312	0.504	0.398	0.782	0.323	0.628	0.508	0.823	0.355	0.454	0.457	0.713

2012/8/26 15:15
s201_20120826
	1	2	3	4	5	6	7	8	9	10	11	12
A	0.179	1.129	0.301	0.43	0.281	1.15	0.297	0.324	0.311	1.082	0.369	0.404
B	0.415	0.257	1.302	1.018	0.689	0.316	1.1	1.134	0.682	0.367	1.212	1.118
C	0.912	0.306	0.292	0.348	1.064	0.326	0.281	0.386	1.167	0.376	0.313	0.424
D	0.252	0.746	0.685	0.885	1.054	1.069	0.836	0.908	1.126	1.117	0.693	0.969
E	0.277	0.67	0.34	0.396	0.369	0.93	0.335	0.306	0.426	1.03	0.442	0.405
F	0.621	0.256	0.753	0.52	0.968	0.339	0.86	0.509	0.912	0.411	0.934	0.529
G	0.301	0.396	0.303	0.308	0.349	0.687	0.341	0.352	0.393	0.743	0.366	0.393
H	0.302	0.482	0.395	0.723	0.352	0.643	0.489	0.816	0.359	0.581	0.582	0.745

2012/8/26 15:19
s5_20120826
	1	2	3	4	5	6	7	8	9	10	11	12
A	0.169	1.297	0.339	0.568	0.278	1.29	0.375	0.454	0.304	1.26	0.392	0.364
B	0.504	0.256	1.522	1.372	0.866	0.27	1.368	1.274	0.913	0.252	1.314	1.323
C	1.287	0.303	0.264	0.276	1.215	0.32	0.242	0.388	0.864	0.435	0.33	0.373
D	0.288	0.981	0.77	0.967	1.138	1.117	0.987	1.139	1.207	1.252	0.894	0.994
E	0.235	0.939	0.336	0.433	0.244	1.067	0.41	0.359	0.401	1.236	0.402	0.478
F	0.821	0.263	0.843	0.556	1.1	0.385	0.975	0.536	1.122	0.277	1.031	0.611
G	0.272	0.374	0.31	0.309	0.362	0.814	0.307	0.312	0.192	0.689	0.36	0.389
H	0.22	0.421	0.391	0.803	0.331	0.681	0.618	1.001	0.32	0.684	0.634	0.89

2012/8/26 15:23
s1_20120826
	1	2	3	4	5	6	7	8	9	10	11	12
A	0.196	1.309	0.373	0.438	0.31	1.164	0.379	0.372	0.355	1.133	0.383	0.417
B	0.623	0.295	1.339	1.27	1.041	0.285	1.23	1.254	1.002	0.305	1.209	1.096
C	0.965	0.296	0.322	0.259	1.259	0.146	0.496	0.356	1.239	0.17	0.193	0.297
D	0.331	1.234	0.777	1.14	1.265	1.242	1.016	1.192	1.233	1.31	0.958	1.124
E	0.251	1.147	0.325	0.394	0.339	1.25	0.318	0.396	0.19	1.306	0.257	0.468
F	1.328	0.282	0.979	0.59	1.317	0.267	1.064	0.61	1.247	0.293	1.046	0.646
G	0.237	0.809	0.308	0.264	0.233	1.059	0.259	0.307	0.371	1.042	0.313	0.351
H	0.251	0.636	0.491	1.018	0.333	0.885	0.571	1.051	0.352	0.917	0.585	0.912

2012/8/26 15:26
control1_20120826
	1	2	3	4	5	6	7	8	9	10	11	12
A	0.198	1.249	0.338	0.452	0.344	1.276	0.407	0.569	0.363	1.178	0.357	0.41
B	0.602	0.312	1.348	1.184	0.952	0.297	1.25	1.178	0.948	0.293	1.152	1.069
C	1.116	0.346	0.344	0.243	1.113	0.299	0.196	0.336	1.096	0.422	0.239	0.437
D	0.577	1.158	0.895	1.182	1.217	1.132	0.903	1.162	1.2	1.25	0.925	0.871
E	0.224	1.168	0.378	0.397	0.413	1.183	0.379	0.399	0.47	1.226	0.466	0.507
F	1.52	0.329	1.003	0.617	1.235	0.313	1.04	0.681	1.205	0.499	0.985	0.537
G	0.274	0.732	0.332	0.311	0.382	0.932	0.302	0.347	0.416	0.873	0.258	0.37
H	0.258	0.664	0.549	0.998	0.341	0.775	0.473	0.902	0.353	0.792	0.573	0.839

2012/8/26 15:30
control2_20120826
	1	2	3	4	5	6	7	8	9	10	11	12
A	0.202	1.284	0.326	0.408	0.34	1.13	0.414	0.57	0.384	1.14	0.381	0.418
B	0.644	0.314	1.294	1.257	1.154	0.313	1.263	1.21	0.951	0.427	1.205	1.071
C	1.117	0.333	0.337	0.335	1.101	0.294	0.252	0.347	1.144	0.332	0.335	0.408
D	0.642	1.075	0.953	1.112	1.208	1.173	1.051	1.203	1.254	1.257	1	0.904
E	0.215	1.182	0.412	0.531	0.399	1.194	0.486	0.557	0.437	1.271	0.58	0.514
F	1.588	0.331	1	0.586	1.204	0.446	1.012	0.685	1.228	0.521	1.051	0.521
G	0.249	0.801	0.338	0.321	0.395	0.866	0.349	0.362	0.401	0.847	0.396	0.367
H	0.232	0.649	0.514	0.963	0.335	0.549	0.399	0.791	0.334	0.699	0.432	0.779

2012/8/26 15:33
control3_20120826
	1	2	3	4	5	6	7	8	9	10	11	12
A	0.152	1.331	0.317	0.475	0.33	1.262	0.416	0.498	0.359	1.294	0.354	0.38
B	0.641	0.312	1.646	1.339	1.06	0.284	1.384	1.304	0.94	0.298	1.26	1.169
C	1.124	0.336	0.287	0.38	1.207	0.292	0.212	0.351	1.15	0.361	0.253	0.421
D	1.166	1.213	0.935	1.219	1.286	1.272	0.881	1.155	1.218	1.212	0.908	0.928
E	0.21	1.21	0.342	0.558	0.313	1.277	0.368	0.339	0.422	1.259	0.531	0.455
F	1.387	0.319	1.052	0.632	1.306	0.384	1.01	0.649	1.225	0.445	1.026	0.501
G	0.259	0.707	0.325	0.286	0.361	0.87	0.343	0.372	0.42	0.888	0.315	0.353
H	0.249	0.575	0.415	0.957	0.322	0.745	0.379	0.895	0.317	0.642	0.556	0.875

2012/8/26 15:39
control4_20120826
	1	2	3	4	5	6	7	8	9	10	11	12
A	0.184	1.418	0.327	0.37	0.308	1.265	0.397	0.428	0.337	1.224	0.362	0.385
B	0.804	0.294	1.394	1.223	1.212	0.274	1.321	1.261	1.018	0.334	1.3	1.13
C	1.385	0.358	0.282	0.226	1.218	0.383	0.201	0.277	1.116	0.41	0.297	0.436
D	1.216	1.25	0.944	1.138	1.193	1.228	0.932	1.221	1.241	1.251	0.997	1.006
E	0.246	1.236	0.434	0.48	0.369	1.235	0.388	0.464	0.252	1.287	0.484	0.47
F	1.274	0.345	1.023	0.537	1.209	0.29	1.065	0.586	1.219	0.376	1.091	0.633
G	0.281	0.76	0.325	0.323	0.366	0.816	0.342	0.347	0.382	0.854	0.34	0.335
H	0.26	0.787	0.487	0.961	0.323	0.577	0.371	0.86	0.315	0.702	0.409	0.658

2012/8/26 15:44
control5_20120826
	1	2	3	4	5	6	7	8	9	10	11	12
A	0.199	1.309	0.329	0.39	0.315	1.236	0.407	0.462	0.333	1.26	0.375	0.416
B	0.707	0.282	1.335	1.247	0.975	0.36	1.293	1.269	0.987	0.347	1.23	1.192
C	1.465	0.337	0.336	0.355	1.163	0.422	0.259	0.428	1.008	0.393	0.348	0.449
D	1.148	1.205	0.881	1.126	1.215	1.189	0.911	1.196	1.253	1.272	0.985	0.921
E	0.236	1.088	0.408	0.413	0.362	1.213	0.347	0.422	0.404	1.284	0.521	0.459
F	1.194	0.339	1	0.561	1.234	0.338	1.081	0.62	1.149	0.366	1.114	0.568
G	0.278	0.667	0.328	0.267	0.337	0.811	0.339	0.363	0.31	0.814	0.34	0.368
H	0.253	0.635	0.442	0.944	0.326	0.508	0.388	0.769	0.314	0.67	0.394	0.568

2012/8/26 15:48
control6_20120826
	1	2	3	4	5	6	7	8	9	10	11	12
A	0.186	1.552	0.331	0.469	0.306	1.29	0.41	0.486	0.349	1.299	0.339	0.413
B	0.615	0.284	1.392	1.502	1.202	0.149	1.33	1.342	1.065	0.235	1.328	1.158
C	1.058	0.329	0.344	0.326	1.288	0.325	0.155	0.388	1.149	0.337	0.296	0.439
D	0.6	1.19	0.881	1.193	1.215	1.196	0.871	1.195	1.216	1.199	0.95	0.947
E	0.232	1.211	0.352	0.402	0.395	1.215	0.441	0.391	0.336	1.232	0.543	0.43
F	1.403	0.33	1.033	0.591	1.258	0.353	1.051	0.505	1.197	0.353	1.044	0.468
G	0.298	0.745	0.317	0.268	0.324	0.92	0.311	0.326	0.396	0.807	0.317	0.344
H	0.269	0.62	0.475	0.981	0.362	0.842	0.502	0.915	0.346	0.802	0.572	0.794

2012/8/26 15:51
control7_20120826
	1	2	3	4	5	6	7	8	9	10	11	12
A	0.204	1.241	0.377	0.572	0.351	1.19	0.471	0.761	0.424	1.119	0.389	0.37
B	0.679	0.331	1.263	1.205	1.086	0.187	1.212	1.192	0.982	0.385	1.165	1.018
C	1.311	0.339	0.363	0.398	1.136	0.41	0.212	0.336	1.094	0.466	0.4	0.4
D	1.009	1.223	0.964	1.225	1.263	1.23	0.989	1.082	1.195	1.25	0.951	0.957
E	0.221	1.18	0.377	0.559	0.437	1.274	0.54	0.555	0.46	1.269	0.614	0.48
F	1.615	0.334	0.967	0.648	1.315	0.473	1.025	0.667	1.236	0.488	1.042	0.549
G	0.274	0.773	0.334	0.328	0.387	1.021	0.388	0.384	0.433	0.978	0.323	0.363
H	0.251	0.822	0.465	1.018	0.344	0.834	0.559	0.979	0.335	0.65	0.534	0.785