2012/10/21 10:07
s1_20121021												
	1	2	3	4	5	6	7	8	9	10	11	12
A	0.194	1.2	0.374	0.416	0.305	1.241	0.425	0.425	0.34	1.158	0.427	0.281
B	0.891	0.308	1.359	1.29	1.064	0.292	1.27	1.257	0.847	0.344	1.255	1.242
C	1.384	0.289	0.269	0.368	1.229	0.217	0.22	0.318	1.104	0.374	0.325	0.312
D	1.559	1.231	1.039	1.102	1.233	1.253	0.841	1.051	1.196	1.22	0.922	0.777
E	0.281	1.184	0.267	0.56	1.023	1.193	0.199	0.563	0.311	1.174	0.366	0.334
F	1.44	0.281	1.048	0.793	1.259	0.198	1.061	0.721	1.203	0.394	1.064	0.405
G	0.288	0.868	0.378	0.247	0.376	0.963	0.364	0.342	0.363	0.867	0.336	0.259
H	0.288	0.871	0.514	0.938	0.352	0.827	0.51	0.871	0.338	0.814	0.447	0.563

2012/10/21 10:21
s5_20121021											
	1	2	3	4	5	6	7	8	9	10	11	12
A	0.201	1.287	0.345	0.378	0.341	1.241	0.353	0.476	0.324	1.319	0.346	0.265
B	0.934	0.276	1.461	1.354	0.986	0.279	1.402	1.385	0.874	0.328	1.246	0.836
C	1.347	0.207	0.174	0.276	1.395	0.226	0.133	0.276	1.153	0.416	0.283	0.368
D	1.418	1.312	0.873	0.904	1.29	1.312	0.864	1.159	1.27	1.32	0.599	0.433
E	0.267	1.174	0.344	0.299	0.391	1.221	0.326	0.409	0.402	1.3	0.264	0.293
F	1.424	0.267	1.017	0.496	1.245	0.334	1.061	0.574	1.016	0.412	0.807	0.392
G	0.293	0.831	0.306	0.231	0.296	0.885	0.233	0.311	0.395	0.911	0.301	0.301
H	0.288	0.751	0.499	0.671	0.337	0.713	0.46	0.85	0.336	0.817	0.418	0.43

2012/10/21 10:25
s201_20121021
	1	2	3	4	5	6	7	8	9	10	11	12
A	0.222	1.184	0.367	0.464	0.347	1.195	0.352	0.586	1.018	1.2	0.392	0.27
B	0.695	0.36	1.217	1.199	0.759	0.144	1.251	1.288	0.852	0.228	1.234	0.631
C	1.347	0.396	0.398	0.197	1.205	0.228	0.96	1.054	1.039	0.413	0.294	0.304
D	1.413	1.119	0.98	0.869	1.215	1.192	0.945	0.96	1.183	1.248	0.634	0.551
E	0.283	0.965	0.268	0.581	0.425	1.169	0.368	0.306	0.437	1.184	0.36	0.303
F	0.755	0.314	1.04	0.452	1.201	0.299	0.856	0.614	1.134	0.421	0.887	0.436
G	0.309	0.592	0.3	0.166	0.248	0.714	0.795	0.87	0.868	1.015	0.188	0.27
H	0.287	0.61	0.46	0.824	0.344	0.533	0.485	0.829	0.359	0.892	0.424	0.538

2012/10/21 10:29
s203_20121021										
	1	2	3	4	5	6	7	8	9	10	11	12
A	0.195	1.068	0.411	0.39	0.372	1.179	0.45	0.542	0.393	1.15	0.386	0.307
B	0.716	1.119	1.298	1.223	0.769	0.185	1.242	1.177	0.692	0.329	1.202	0.81
C	1.49	0.246	1.032	0.382	1.192	0.332	0.171	0.298	1.066	0.396	0.293	0.284
D	1.582	1.154	0.745	1.043	1.259	1.238	0.86	1.031	1.207	1.255	0.75	0.534
E	0.288	1.014	0.226	0.574	0.418	1.144	0.282	0.378	0.407	1.181	0.399	0.38
F	1.574	0.219	0.91	0.504	1.203	0.235	0.977	0.697	1.063	0.405	0.907	0.454
G	0.284	0.775	0.381	0.881	0.368	0.819	0.073	0.355	0.392	0.87	0.348	0.26
H	0.248	0.585	0.446	0.861	0.369	0.787	0.555	0.947	0.319	0.944	0.459	0.6

2012/10/21 10:32
s204_20121021
	1	2	3	4	5	6	7	8	9	10	11	12
A	0.202	1.2	0.326	0.345	0.328	1.115	0.34	0.441	0.35	1.081	0.391	0.302
B	0.73	0.197	1.226	1.258	1.053	0.329	1.273	1.27	0.884	0.366	1.227	1.004
C	1.369	0.295	0.263	0.212	1.242	0.415	0.153	0.21	1.238	0.394	0.2	0.354
D	1.154	0.994	0.84	1.081	1.204	1.258	0.825	0.846	1.204	1.255	0.909	0.622
E	0.265	1.194	0.434	0.323	0.293	1.226	0.889	0.214	0.291	1.18	0.461	0.339
F	1.266	0.281	0.975	0.467	1.205	0.257	0.9	0.658	1.057	0.35	1.018	0.54
G	0.286	0.824	0.206	0.229	0.257	0.849	1.011	0.267	0.31	0.783	0.283	0.307
H	0.274	0.686	0.511	0.741	0.337	0.59	0.552	0.842	0.34	0.631	0.433	0.545

2012/10/21 10:36
s207_20121021										
	1	2	3	4	5	6	7	8	9	10	11	12
A	0.237	1.084	0.339	0.414	0.344	1.042	0.324	0.404	0.365	1.041	0.428	0.313
B	0.794	0.216	1.208	1.148	0.962	0.308	1.182	1.211	0.849	0.331	1.115	0.948
C	1.08	0.192	1.004	0.217	1.214	0.403	0.208	0.294	1.065	0.292	0.34	0.339
D	1.175	1.082	1.077	0.907	1.152	1.096	0.886	1.04	1.158	1.184	0.982	0.687
E	0.382	1.103	0.254	0.295	0.345	1.152	0.262	0.389	0.256	1.125	0.488	0.338
F	0.684	0.174	0.872	0.722	1.175	0.262	0.921	0.749	0.965	0.313	0.959	0.496
G	0.213	0.838	0.238	0.243	0.29	0.849	0.352	0.226	0.288	0.805	0.349	0.328
H	0.339	0.649	0.435	0.862	0.342	0.771	0.606	0.935	0.329	0.8	0.412	0.508

2012/10/21 10:39
s208_20121021										
	1	2	3	4	5	6	7	8	9	10	11	12
A	0.206	0.97	0.265	0.294	0.298	0.619	0.336	0.275	0.264	0.901	0.389	0.274
B	0.355	0.303	0.279	0.35	0.58	0.254	0.285	0.427	0.532	0.321	0.216	0.261
C	1.552	0.377	0.258	0.323	1.006	0.36	0.237	0.291	0.574	0.303	0.569	0.319
D	1.446	1.103	0.228	0.763	1.17	1.087	0.311	0.582	0.232	0.818	0.383	0.355
E	0.112	1.057	0.474	0.443	0.24	0.924	0.294	0.348	0.579	0.66	0.258	0.456
F	0.951	0.425	0.306	0.59	1.145	0.358	0.298	0.365	0.977	0.193	0.485	0.338
G	0.344	0.934	0.36	0.255	0.26	0.599	0.272	0.258	0.328	0.41	0.502	0.324
H	0.248	0.491	0.276	0.409	0.364	0.394	0.301	0.355	0.255	0.406	0.287	0.186

2012/10/21 10:42
s210_20121021
	1	2	3	4	5	6	7	8	9	10	11	12
A	0.201	0.565	0.297	0.278	0.363	0.553	0.346	0.228	0.315	0.782	0.37	0.142
B	0.46	0.255	0.471	0.484	0.505	0.263	0.577	0.69	0.681	0.3	0.553	0.6
C	1.349	0.279	0.271	0.254	1.133	0.293	0.318	0.345	0.414	0.258	0.456	0.291
D	0.706	0.979	0.646	0.612	0.732	1.178	0.448	0.388	0.354	0.76	0.332	0.359
E	0.255	1.014	0.309	0.324	0.285	0.673	0.308	0.295	0.589	0.176	0.24	0.304
F	1.313	0.311	0.772	0.363	1.032	0.387	0.701	0.459	0.956	0.317	0.478	0.333
G	0.274	0.427	0.252	0.243	0.312	0.349	0.404	0.27	0.433	0.305	0.487	0.23
H	0.26	0.425	0.328	0.33	0.282	0.371	0.334	0.355	0.293	0.419	0.322	0.441

2012/10/21 10:45
s211_20121021
	1	2	3	4	5	6	7	8	9	10	11	12
A	0.235	0.347	0.38	0.295	0.363	0.328	0.329	0.293	0.364	0.466	0.46	0.27
B	0.358	0.246	0.517	0.461	0.527	0.29	0.626	0.602	0.518	0.241	0.454	0.481
C	0.34	0.261	0.245	0.257	0.384	0.275	0.375	0.35	0.365	0.274	0.551	0.307
D	0.298	0.727	0.581	0.452	0.37	0.761	0.398	0.513	0.302	0.553	0.561	0.439
E	0.228	0.291	0.309	0.291	0.258	0.365	0.261	0.295	0.566	0.315	0.327	0.455
F	0.256	0.335	0.647	0.263	0.291	0.371	0.76	0.428	0.554	0.385	0.519	0.288
G	0.298	0.262	0.293	0.283	0.337	0.264	0.296	0.383	0.451	0.469	0.394	0.265
H	0.284	0.323	0.311	0.329	0.361	0.368	0.191	0.336	0.357	0.285	0.472	0.406

2012/10/21 10:49
s212_20121021
	1	2	3	4	5	6	7	8	9	10	11	12
A	0.312	0.614	0.311	0.27	0.386	0.604	0.455	0.262	0.449	0.696	0.405	0.34
B	0.44	0.345	0.545	0.567	0.52	0.374	0.547	0.656	0.49	0.278	0.527	0.355
C	0.627	0.324	0.593	0.318	0.668	0.234	0.351	0.316	0.468	0.376	0.457	0.391
D	0.346	0.53	0.39	0.468	0.489	1.064	0.459	0.506	0.392	0.853	0.537	0.462
E	0.222	0.535	0.31	0.294	0.291	1.095	0.319	0.318	0.601	0.75	0.354	0.304
F	0.564	0.349	1.069	0.316	1.148	0.262	0.566	0.435	0.98	0.388	0.69	0.328
G	0.276	0.295	0.33	0.304	0.242	0.447	0.295	0.381	0.396	0.367	0.421	0.365
H	0.243	0.351	0.233	0.366	0.328	0.345	0.258	0.413	0.303	0.537	0.424	0.502

2012/10/21 10:52
s213_20121021
	1	2	3	4	5	6	7	8	9	10	11	12
A	0.202	1.172	0.41	0.426	0.375	1.152	0.469	0.457	0.359	1.138	0.371	0.288
B	0.885	0.301	1.221	1.144	1.057	0.269	1.213	1.169	0.805	0.346	1.173	0.844
C	1.398	0.332	0.294	0.409	1.159	0.317	0.222	0.338	1.196	0.445	0.316	0.274
D	1.431	1.149	0.967	1.091	1.142	1.142	1.062	1.143	1.18	1.212	0.685	0.517
E	0.362	1.094	0.363	0.482	0.454	1.198	0.355	0.429	0.435	1.267	0.398	0.367
F	1.441	0.329	0.934	0.613	1.203	0.358	1.069	0.771	1.15	0.383	0.71	0.459
G	0.331	0.796	0.375	0.316	0.286	0.861	0.356	0.311	0.424	0.943	0.309	0.336
H	0.327	0.834	0.474	0.897	0.352	0.706	0.551	0.9	0.313	0.904	0.46	0.597

2012/10/21 10:56
s216_20121021
	1	2	3	4	5	6	7	8	9	10	11	12
A	0.212	1.214	0.366	0.531	0.333	1.297	0.401	0.539	0.329	1.167	0.38	0.271
B	0.822	0.285	1.353	1.308	1.045	0.202	1.256	1.249	0.813	0.352	1.236	0.747
C	1.572	0.252	0.166	0.384	1.219	0.239	0.252	0.329	1.11	0.396	0.298	0.345
D	1.577	1.276	0.832	1.064	1.247	1.29	0.81	1.098	1.234	1.258	0.703	0.429
E	0.324	1.259	0.444	0.544	0.232	1.261	0.232	0.347	0.402	1.266	0.346	0.367
F	1.599	0.42	1.099	0.648	1.298	0.354	1.052	0.858	1.233	0.351	0.697	0.419
G	0.276	0.827	0.413	0.183	0.398	0.873	0.378	0.389	0.376	0.869	0.259	0.321
H	0.303	0.662	0.466	1.039	0.363	0.75	0.566	0.998	0.337	0.774	0.459	0.44

2012/10/21 10:59
s217_20121021
	1	2	3	4	5	6	7	8	9	10	11	12
A	0.385	0.744	0.332	0.357	0.393	0.487	0.478	0.195	0.457	0.85	0.322	0.258
B	0.451	0.329	0.557	0.619	0.584	0.405	0.643	0.62	0.661	0.17	0.661	0.41
C	0.863	0.281	0.553	0.336	0.578	0.287	0.354	0.36	0.402	0.381	0.531	0.286
D	0.239	0.788	0.586	0.604	0.301	0.876	0.337	0.597	0.317	0.906	0.422	0.471
E	0.606	0.973	0.439	0.356	0.619	0.662	0.459	0.413	0.652	0.396	0.36	0.511
F	1.608	0.341	1.034	0.418	1.192	0.382	1.166	0.476	1.132	0.477	0.565	0.324
G	0.354	0.457	0.436	0.315	0.418	0.43	0.465	0.345	0.35	0.446	0.378	0.381
H	0.276	0.525	0.437	0.384	0.456	0.48	0.455	0.426	0.419	0.339	0.383	0.437

2012/10/21 11:02
s218_20121021
	1	2	3	4	5	6	7	8	9	10	11	12
A	0.285	0.676	0.334	0.337	0.382	0.439	0.342	0.273	0.373	0.875	0.451	0.267
B	0.439	0.314	0.335	0.481	0.421	0.3	0.593	0.7	0.231	0.242	0.657	0.407
C	0.218	0.27	0.522	0.373	0.588	0.32	0.499	0.553	0.381	0.335	0.426	0.286
D	0.334	0.656	0.412	0.529	0.326	0.812	0.246	0.505	0.329	0.614	0.427	0.373
E	0.562	0.584	0.461	0.287	0.547	0.659	0.339	0.347	0.628	0.756	0.476	0.275
F	0.332	0.319	0.499	0.283	0.324	0.341	0.468	0.38	1.022	0.36	0.304	0.315
G	0.338	0.406	0.418	0.252	0.386	0.378	0.402	0.333	0.436	0.457	0.407	0.368
H	0.365	0.394	0.305	0.427	0.479	0.209	0.36	0.47	0.362	0.316	0.341	0.434

2012/10/21 11:06
s219_20121021
	1	2	3	4	5	6	7	8	9	10	11	12
A	0.31	0.744	0.384	0.29	0.452	0.771	0.419	0.188	0.41	0.984	0.507	0.314
B	0.28	0.267	0.6	0.656	0.593	0.347	0.747	0.801	0.405	0.19	0.552	0.603
C	1.235	0.327	0.249	0.251	0.599	0.225	0.393	0.302	0.466	0.202	0.47	0.267
D	0.14	0.49	0.223	0.476	0.589	0.886	0.496	0.554	0.367	0.844	0.327	0.435
E	0.547	0.609	0.422	0.336	0.607	0.804	0.469	0.335	0.625	0.715	0.358	0.24
F	1.41	0.414	1.051	0.443	0.43	0.396	0.594	0.419	1.021	0.418	0.333	0.368
G	0.312	0.281	0.468	0.263	0.435	0.372	0.454	0.299	0.461	0.438	0.466	0.287
H	0.33	0.52	0.476	0.351	0.371	0.498	0.374	0.473	0.384	0.319	0.429	0.443

2012/10/21 11:09
s223_20121021
	1	2	3	4	5	6	7	8	9	10	11	12
A	0.273	0.65	0.429	0.231	0.457	0.645	0.369	0.198	0.168	0.991	0.495	0.33
B	0.422	0.271	0.539	0.769	0.456	0.216	0.689	0.833	0.728	0.41	0.533	0.359
C	1.37	0.36	0.272	0.256	0.8	0.306	0.349	0.423	0.487	0.241	0.415	0.291
D	0.378	0.609	0.408	0.487	0.613	0.931	0.279	0.543	0.421	0.864	0.38	0.433
E	0.456	0.296	0.392	0.183	0.548	0.861	0.383	0.228	0.625	0.832	0.377	0.274
F	1.188	0.36	0.871	0.244	0.36	0.416	0.776	0.421	1.178	0.393	0.586	0.402
G	0.376	0.457	0.479	0.276	0.349	0.348	0.424	0.386	0.365	0.455	0.444	0.424
H	0.371	0.338	0.231	0.373	0.427	0.414	0.393	0.488	0.36	0.44	0.366	0.422

2012/10/21 11:13
s225_20121021
	1	2	3	4	5	6	7	8	9	10	11	12
A	0.232	1.335	0.338	0.544	0.305	1.087	0.36	0.473	0.341	1.089	0.287	0.249
B	0.822	0.328	1.31	1.245	0.915	0.318	1.228	1.171	0.861	0.322	0.856	0.622
C	1.202	0.313	0.42	0.288	1.246	0.303	0.153	0.385	1.032	0.314	0.376	0.236
D	1.561	1.195	0.903	1.103	1.234	1.231	0.987	0.975	1.144	1.072	0.47	0.564
E	0.359	1.133	0.341	0.515	0.455	1.255	0.372	0.513	0.343	1.152	0.363	0.32
F	1.509	0.358	1.09	0.596	1.263	0.333	1.03	0.731	1.201	0.294	0.38	0.469
G	0.308	0.857	0.349	0.218	0.309	0.895	0.337	0.356	0.367	0.708	0.339	0.336
H	0.29	0.684	0.454	1.021	0.343	0.791	0.503	0.861	0.307	0.675	0.456	0.414

2012/10/21 11:17
s254_20121021
	1	2	3	4	5	6	7	8	9	10	11	12
A	0.202	1.261	0.34	0.373	0.307	1.064	0.353	0.415	0.296	1.007	0.294	0.193
B	0.702	0.25	1.277	1.151	0.905	0.328	1.214	1.164	0.726	0.289	0.644	0.713
C	1.088	0.284	0.22	0.284	1.121	0.392	0.179	0.364	0.938	0.344	0.531	0.289
D	1.537	1.26	0.75	1.081	1.191	1.175	0.872	0.77	1.14	0.693	0.55	0.422
E	0.325	1.173	0.334	0.387	0.447	1.183	0.364	0.415	0.283	1.08	0.343	0.319
F	1.456	0.33	1.026	0.816	1.218	0.38	0.909	0.559	1.216	0.266	0.665	0.367
G	0.313	0.757	0.372	0.33	0.389	0.797	0.322	0.304	0.33	0.493	0.396	0.442
H	0.29	0.704	0.43	0.812	0.318	0.519	0.423	0.714	0.273	0.659	0.401	0.499

2012/10/21 11:22
s258_20121021
	1	2	3	4	5	6	7	8	9	10	11	12
A	0.216	1.106	0.36	0.262	0.403	0.532	0.385	0.216	0.39	1.045	0.466	0.307
B	0.76	0.253	1.062	0.808	0.693	0.256	0.738	0.517	0.333	0.184	0.573	0.568
C	1.351	0.308	0.245	0.28	1.205	0.323	0.498	0.416	0.616	0.317	0.556	0.383
D	1.786	1.272	0.611	0.651	0.943	0.85	0.347	0.508	0.412	0.789	0.499	0.387
E	0.256	1.173	0.287	0.305	0.298	0.991	0.407	0.371	0.633	0.741	0.365	0.214
F	1.759	0.286	0.692	0.438	1.237	0.352	0.613	0.419	1.097	0.224	0.801	0.318
G	0.278	0.835	0.251	0.248	0.392	0.378	0.417	0.299	0.244	0.42	0.503	0.308
H	0.261	0.436	0.328	0.32	0.327	0.406	0.363	0.361	0.466	0.383	0.335	0.276

2012/10/21 11:25
s259_20121021
	1	2	3	4	5	6	7	8	9	10	11	12
A	0.186	1.148	0.321	0.247	0.378	0.581	0.418	0.197	0.444	0.713	0.469	0.327
B	0.781	0.242	1.019	0.763	0.598	0.282	0.669	0.704	0.601	0.229	0.508	0.484
C	1.158	0.303	0.246	0.281	0.875	0.314	0.382	0.337	0.954	0.245	0.594	0.346
D	1.07	1.16	0.52	0.464	0.691	0.991	0.301	0.487	0.443	0.912	0.439	0.41
E	0.249	0.843	0.341	0.323	0.535	1.049	0.236	0.238	0.647	0.549	0.185	0.306
F	1.576	0.333	0.692	0.342	1.203	0.305	1.169	0.478	1.116	0.23	0.553	0.364
G	0.226	0.555	0.254	0.246	0.346	0.339	0.368	0.3	0.415	0.199	0.365	0.335
H	0.27	0.453	0.389	0.322	0.35	0.464	0.337	0.357	0.399	0.459	0.38	0.557

2012/10/21 11:29
control1_20121021
	1	2	3	4	5	6	7	8	9	10	11	12
A	0.241	1.32	0.262	0.278	0.275	0.7	0.285	0.304	0.278	0.883	0.449	0.268
B	0.863	0.274	1.536	1.298	0.871	0.285	1.113	0.877	0.735	0.24	0.509	0.624
C	1.147	0.366	0.278	0.37	1.202	0.313	0.253	0.345	0.487	0.405	0.372	0.253
D	1.483	1.313	0.826	0.919	1.199	1.235	0.482	0.333	0.598	0.719	0.462	0.505
E	0.328	1.284	0.409	0.398	0.326	1.18	0.329	0.32	0.612	0.721	0.275	0.504
F	1.505	0.418	0.896	0.595	1.307	0.342	0.607	0.45	1.136	0.406	0.468	0.404
G	0.347	0.792	0.305	0.294	0.339	0.609	0.244	0.343	0.385	0.42	0.468	0.387
H	0.316	0.739	0.416	0.542	0.263	0.456	0.368	0.44	0.277	0.396	0.411	0.574

2012/10/21 11:34
control2_20121021
	1	2	3	4	5	6	7	8	9	10	11	12
A	0.2	0.439	0.271	0.281	0.265	0.578	0.281	0.291	0.292	1.025	0.438	0.261
B	0.939	0.36	1.473	1.221	0.873	0.288	1.112	0.93	0.737	0.243	0.565	0.58
C	1.065	0.378	0.282	0.35	1.176	0.32	0.266	0.296	0.383	0.203	0.534	0.486
D	1.773	1.274	0.925	0.906	1.173	1.151	0.506	0.407	0.602	0.767	0.423	0.367
E	0.311	1.178	0.648	0.42	0.344	1.175	0.323	0.243	0.608	0.577	0.257	0.44
F	1.951	0.989	0.59	0.617	1.22	0.342	0.662	0.427	0.976	0.22	0.427	0.356
G	0.303	0.858	0.921	0.315	0.354	0.584	0.273	0.27	0.387	0.334	0.445	0.259
H	0.249	0.947	0.482	0.826	0.296	0.614	0.375	0.629	0.352	0.396	0.323	0.318

2012/10/21 11:37
control3_20121021
	1	2	3	4	5	6	7	8	9	10	11	12
A	0.169	0.95	0.256	0.311	0.298	1.365	0.358	0.391	0.316	1.405	0.303	0.262
B	0.379	0.358	0.332	1.166	0.881	0.512	0.438	1.379	0.884	0.52	0.349	0.523
C	0.54	0.263	0.292	0.364	1.12	0.349	0.296	0.375	1.11	0.375	0.284	0.404
D	0.387	1.028	0.706	0.901	1.131	1.149	0.868	1.035	1.194	1.197	0.536	0.333
E	0.2	0.957	0.373	0.362	0.367	1.129	0.396	0.42	0.414	1.212	0.335	0.438
F	0.918	0.266	0.931	0.544	0.985	0.276	1.004	0.86	1.037	0.356	0.642	0.49
G	0.268	0.441	0.327	0.299	0.288	0.751	0.329	0.352	0.394	0.819	0.279	0.262
H	0.244	0.592	0.442	0.87	0.37	0.648	0.524	0.875	0.332	0.593	0.359	0.401

2012/10/21 11:41
control4_20121021
	1	2	3	4	5	6	7	8	9	10	11	12
A	0.171	1.286	0.279	0.332	0.274	1.127	0.364	0.419	0.358	1.213	0.339	0.291
B	0.635	0.299	1.51	1.265	0.909	0.265	1.231	1.2	0.789	0.307	1.292	0.91
C	1.16	0.257	0.229	0.378	1.134	0.235	0.278	0.36	1.021	0.351	0.342	0.348
D	1.438	1.088	0.82	0.868	1.161	1.139	0.858	0.954	1.103	1.155	0.835	0.587
E	0.213	1	0.417	0.433	0.278	1.07	0.248	0.453	0.374	1.171	0.46	0.331
F	1.394	0.366	0.964	0.624	1.132	0.317	0.97	0.683	1.033	0.411	0.985	0.458
G	0.226	0.636	0.359	0.248	0.353	0.663	0.352	0.371	0.341	0.778	0.332	0.325
H	0.246	0.613	0.437	0.867	0.364	0.61	0.506	0.878	0.343	0.644	0.411	0.504

2012/10/21 11:44
control5_20121021
	1	2	3	4	5	6	7	8	9	10	11	12
A	0.181	1.122	0.335	0.349	0.315	1.052	0.386	0.416	0.359	1.068	0.387	0.318
B	0.699	0.289	1.223	1.225	0.908	0.29	1.271	1.218	0.767	0.286	1.212	0.963
C	1.528	0.222	0.191	0.253	1.233	0.232	0.182	0.246	1.023	0.25	0.345	0.335
D	1.317	1.03	0.828	0.827	1.186	1.221	0.838	0.962	1.142	1.162	0.933	0.627
E	0.324	0.973	0.312	0.21	0.34	1.173	0.256	0.343	0.365	1.125	0.47	0.342
F	1.203	0.287	1.033	0.451	1.14	0.263	0.986	0.577	1.083	0.34	1.02	0.372
G	0.296	0.679	0.257	0.224	0.231	0.685	0.205	0.184	0.348	0.849	0.317	0.323
H	0.265	0.661	0.486	0.991	0.329	0.657	0.563	0.933	0.323	0.777	0.477	0.58

2012/10/21 11:47
control6_20121021
	1	2	3	4	5	6	7	8	9	10	11	12
A	0.175	1.292	0.318	0.435	0.336	1.177	0.366	0.421	0.353	1.245	0.375	0.3
B	0.751	0.222	1.409	1.268	0.87	0.225	1.287	1.224	0.736	0.253	1.207	0.872
C	1.13	0.201	0.131	0.211	1.267	0.229	0.14	0.216	1.051	0.307	0.355	0.287
D	1.441	1.109	0.784	0.937	1.22	1.162	0.787	0.972	1.159	1.122	0.826	0.492
E	0.31	0.813	0.203	0.214	0.405	1.177	0.214	0.287	0.254	1.263	0.403	0.298
F	1.248	0.195	0.85	0.5	1.192	0.224	0.954	0.531	1.069	0.232	1.017	0.324
G	0.301	0.748	0.38	0.176	0.366	0.671	0.178	0.19	0.23	0.783	0.336	0.29
H	0.293	0.759	0.443	0.901	0.332	0.803	0.493	0.973	0.321	0.78	0.445	0.555

2012/10/21 11:51
control7_20121021
	1	2	3	4	5	6	7	8	9	10	11	12
A	0.181	1.322	0.311	0.396	0.311	1.209	0.367	0.453	0.358	1.143	0.342	0.279
B	0.863	0.24	1.434	1.176	0.845	0.172	1.157	1.234	0.847	0.331	1.196	0.713
C	1.384	0.187	0.309	0.229	1.371	0.16	0.134	0.253	1.009	0.336	0.296	0.269
D	1.465	1.124	0.776	0.94	1.235	1	0.824	0.916	1.168	1.226	0.631	0.515
E	0.227	0.837	0.186	0.224	0.219	0.944	0.264	0.275	0.317	1.213	0.369	0.35
F	1.085	0.158	0.944	0.433	1.046	0.164	0.873	0.69	0.991	0.399	0.719	0.444
G	0.288	0.724	0.232	0.17	0.187	0.596	0.246	0.222	0.389	0.859	0.314	0.264
H	0.293	0.749	0.503	0.958	0.316	0.7	0.516	0.897	0.315	0.835	0.418	0.563

2012/10/21 11:54
control8_20121021
	1	2	3	4	5	6	7	8	9	10	11	12
A	0.23	1.195	0.374	0.469	0.371	1.148	0.431	0.496	0.36	1.032	0.364	0.293
B	0.951	0.249	1.229	1.19	0.779	0.185	1.162	1.146	0.716	0.291	1.104	0.677
C	1.339	0.203	0.139	0.348	1.194	0.184	0.171	0.319	1.281	0.394	0.305	0.263
D	1.44	1.031	0.78	0.997	1.198	1.209	0.787	0.884	1.177	1.22	0.652	0.696
E	0.281	1.016	0.193	0.503	0.189	0.975	0.235	0.452	0.43	1.221	0.378	0.344
F	1.325	0.188	1.028	0.566	1.056	0.169	0.932	0.712	1.031	0.397	0.911	0.315
G	0.266	0.822	0.355	0.175	0.379	0.796	0.331	0.323	0.295	0.848	0.307	0.273
H	0.266	0.788	0.425	0.925	0.301	0.924	0.505	0.91	0.344	0.786	0.498	0.522

2012/10/21 16:07
control1_2nd_20121021
	1	2	3	4	5	6	7	8	9	10	11	12
A	0.279	0.951	0.365	0.31	0.357	0.748	0.421	0.388	0.293	1.079	0.399	0.403
B	0.794	0.287	1.195	1.105	0.841	0.384	1.037	1.064	0.752	0.314	0.677	0.639
C	1.119	0.364	0.342	0.432	1.113	0.412	0.134	0.345	0.607	0.316	0.265	0.301
D	1.572	1.295	0.916	0.832	1.171	1.151	0.514	0.665	1.011	0.984	0.256	0.35
E	0.223	1.185	0.428	0.383	0.395	1.066	0.324	0.431	0.318	0.865	0.439	0.276
F	1.77	0.427	0.887	0.559	1.073	0.537	0.672	0.477	0.577	0.338	0.42	0.292
G	0.306	0.617	0.216	0.405	0.374	0.586	0.386	0.215	0.381	0.194	0.311	0.322
H	0.279	0.465	0.347	0.749	0.34	0.604	0.414	0.759	0.197	0.467	0.258	0.484

2012/10/21 16:10
control2_2nd_20121021
	1	2	3	4	5	6	7	8	9	10	11	12
A	0.215	0.315	0.28	0.288	0.265	0.889	0.348	0.4	0.464	1.061	0.263	0.257
B	0.846	0.334	1.326	1.167	0.86	0.271	1.198	0.926	0.774	0.235	0.588	0.643
C	1.005	0.357	0.294	0.341	1.212	0.489	0.439	0.345	0.551	0.295	0.342	0.406
D	1.602	1.322	0.858	0.835	1.229	1.11	0.779	0.734	0.908	1.087	0.4	0.361
E	0.342	1.136	0.608	0.356	0.349	1.186	0.433	0.441	0.187	0.985	0.334	0.3
F	1.537	0.933	0.587	0.439	1.293	0.236	0.877	0.309	0.628	0.287	0.475	0.331
G	0.338	0.793	0.218	0.31	0.385	0.676	0.384	0.396	0.447	0.281	0.224	0.267
H	0.295	0.566	0.413	0.623	0.424	0.661	0.673	0.783	0.419	0.46	0.298	0.542

2012/10/21 16:13
s208_2nd_20121021
	1	2	3	4	5	6	7	8	9	10	11	12
A	0.494	0.921	0.259	0.326	0.178	0.713	0.444	0.396	0.231	0.941	0.34	0.435
B	0.334	0.145	0.308	0.21	0.393	0.231	0.144	0.337	0.789	0.492	0.333	0.313
C	1.634	0.35	0.342	0.19	0.984	0.247	0.433	0.405	0.563	0.162	0.161	0.342
D	1.516	1.037	0.26	0.591	1.14	1.06	0.463	0.775	0.446	0.942	0.345	0.475
E	0.074	0.889	0.485	0.27	0.086	0.903	0.337	0.455	0.412	0.973	0.271	0.338
F	1.023	0.423	0.312	0.539	1.043	0.197	0.164	0.585	0.846	0.241	0.127	0.341
G	0.132	0.754	0.37	0.268	0.114	0.729	0.128	0.171	0.235	0.495	0.196	0.389
H	0.284	0.553	0.361	0.405	0.403	0.418	0.38	0.46	0.265	0.654	0.245	0.307

2012/10/21 16:16
s210_2nd_20121021
	1	2	3	4	5	6	7	8	9	10	11	12
A	0.21	0.824	0.42	0.31	0.181	0.602	0.215	0.402	0.185	1.017	0.245	0.399
B	0.595	0.401	0.642	0.958	0.563	0.328	0.824	0.847	0.666	0.416	0.611	0.696
C	1.216	0.204	0.342	0.375	0.992	0.338	0.437	0.194	0.55	0.191	0.392	0.19
D	1.413	1.222	0.776	0.844	1.134	1.129	0.606	0.591	0.672	1.074	0.379	0.3
E	0.175	1.141	0.385	0.687	0.358	1.053	0.291	0.222	0.388	0.375	0.247	0.22
F	1.433	0.413	0.743	0.528	1.17	0.223	0.526	0.203	0.93	0.151	0.448	0.241
G	0.341	0.579	0.302	0.38	0.352	0.413	0.371	0.148	0.256	0.274	0.241	0.43
H	0.264	0.615	0.424	0.485	0.174	0.343	0.274	0.414	0.169	0.479	0.265	0.571

2012/10/21 16:21
s211_2nd_20121021
	1	2	3	4	5	6	7	8	9	10	11	12
A	0.234	0.353	0.279	0.342	0.232	0.439	0.292	0.395	0.549	0.372	0.39	0.267
B	0.511	0.332	0.676	0.661	0.729	0.382	0.741	0.91	0.578	0.208	0.585	0.586
C	0.727	0.391	0.44	0.388	0.619	0.391	0.471	0.351	0.519	0.321	0.224	0.226
D	0.63	0.956	0.717	0.616	0.643	0.874	0.599	0.522	0.49	0.732	0.419	0.367
E	0.283	0.474	0.566	0.378	0.373	0.466	0.416	0.176	0.261	0.48	0.219	0.281
F	0.297	0.15	0.823	0.471	0.33	0.382	0.639	0.189	0.184	0.197	0.416	0.319
G	0.306	0.293	0.423	0.342	0.404	0.262	0.342	0.229	0.25	0.296	0.464	0.286
H	0.215	0.391	0.461	0.532	0.23	0.32	0.354	0.388	0.218	0.227	0.254	0.395

2012/10/21 16:24
s212_2nd_20121021
	1	2	3	4	5	6	7	8	9	10	11	12
A	0.087	0.788	0.257	0.203	0.207	0.506	0.239	0.356	0.294	0.665	0.251	0.304
B	0.333	0.169	0.592	0.508	0.5	0.381	0.528	0.601	0.368	0.272	0.587	0.543
C	0.775	0.318	0.18	0.16	0.828	0.311	0.146	0.34	0.549	0.378	0.507	0.394
D	0.599	0.974	0.597	0.755	1.072	1.071	0.592	0.546	0.685	0.988	0.483	0.311
E	0.213	0.976	0.474	0.522	0.432	1.144	0.543	0.455	0.304	1.029	0.254	0.373
F	0.711	0.233	0.7	0.246	1.21	0.496	0.765	0.525	1.095	0.294	0.575	0.287
G	0.141	0.222	0.292	0.24	0.192	0.159	0.406	0.175	0.437	0.356	0.371	0.353
H	0.284	0.251	0.419	0.209	0.266	0.216	0.256	0.317	0.338	0.455	0.261	0.554

2012/10/21 16:28
s213_2nd_20121021
	1	2	3	4	5	6	7	8	9	10	11	12
A	0.192	1.211	0.362	0.43	0.373	1.208	0.425	0.455	0.353	1.21	0.413	0.338
B	0.721	0.288	1.237	1.186	1.052	0.28	1.235	1.194	0.84	0.361	1.222	1.001
C	1.432	0.339	0.338	0.406	1.189	0.338	0.269	0.364	1.161	0.448	0.326	0.36
D	1.565	1.203	0.93	0.997	1.161	1.135	1.001	1.108	1.213	1.182	0.76	0.609
E	0.348	1.051	0.404	0.448	0.452	1.106	0.355	0.413	0.45	1.205	0.507	0.352
F	1.502	0.361	0.922	0.592	1.167	0.379	1.034	0.683	1.158	0.403	0.708	0.43
G	0.305	0.724	0.356	0.333	0.318	0.752	0.345	0.323	0.407	0.836	0.359	0.44
H	0.3	0.53	0.492	0.806	0.361	0.553	0.57	0.79	0.332	0.698	0.4	0.639

2012/10/21 16:31
s216_2nd_20121021
	1	2	3	4	5	6	7	8	9	10	11	12
A	0.19	1.442	0.323	0.524	0.341	1.36	0.399	0.515	0.318	1.25	0.365	0.416
B	0.777	0.28	1.624	1.405	1.101	0.248	1.396	1.247	0.871	0.355	1.277	0.994
C	1.625	0.338	0.246	0.365	1.22	0.335	0.303	0.383	1.027	0.414	0.31	0.473
D	1.635	1.264	0.874	1.064	1.21	1.225	0.867	1.051	1.163	1.25	0.741	0.563
E	0.313	1.211	0.421	0.516	0.317	1.176	0.284	0.33	0.417	1.24	0.438	0.349
F	1.617	0.381	1.04	0.712	1.282	0.37	1.048	0.875	1.158	0.356	0.692	0.442
G	0.273	0.855	0.359	0.252	0.377	0.894	0.369	0.384	0.385	0.841	0.248	0.361
H	0.306	0.541	0.476	1.06	0.353	0.757	0.585	0.903	0.333	0.681	0.454	0.65

2012/10/21 16:34
s217_2nd_20121021
	1	2	3	4	5	6	7	8	9	10	11	12
A	0.147	0.625	0.314	0.17	0.34	0.404	0.387	0.377	0.166	0.851	0.298	0.183
B	0.437	0.141	0.468	0.634	0.54	0.224	0.597	0.519	0.464	0.25	0.648	0.522
C	1.209	0.321	0.17	0.162	0.661	0.363	0.148	0.26	0.627	0.168	0.21	0.24
D	0.402	1.061	0.555	0.514	0.654	1.072	0.508	0.492	0.614	0.779	0.379	0.501
E	0.279	1.002	0.25	0.435	0.164	1.078	0.203	0.279	0.268	0.38	0.427	0.178
F	0.653	0.302	0.581	0.355	0.657	0.248	0.61	0.251	0.626	0.176	0.338	0.353
G	0.26	0.349	0.327	0.264	0.131	0.271	0.225	0.292	0.112	0.107	0.373	0.216
H	0.25	0.64	0.415	0.485	0.347	0.458	0.421	0.498	0.138	0.552	0.426	0.26

2012/10/21 16:38
s218_2nd_20121021
	1	2	3	4	5	6	7	8	9	10	11	12
A	0.19	0.693	0.341	0.29	0.244	0.475	0.321	0.39	0.372	0.746	0.381	0.362
B	0.421	0.352	0.336	0.564	0.468	0.409	0.61	0.58	0.406	0.437	0.636	0.541
C	0.396	0.363	0.364	0.364	0.732	0.382	0.193	0.262	0.654	0.387	0.495	0.402
D	0.562	1.018	0.374	0.592	0.665	0.798	0.298	0.519	0.602	0.788	0.262	0.417
E	0.303	0.854	0.365	0.369	0.303	0.922	0.246	0.365	0.37	0.811	0.49	0.463
F	0.319	0.295	0.561	0.371	0.368	0.398	0.688	0.242	0.548	0.36	0.387	0.386
G	0.306	0.419	0.284	0.279	0.167	0.398	0.359	0.356	0.24	0.327	0.383	0.29
H	0.358	0.352	0.373	0.419	0.347	0.403	0.221	0.493	0.341	0.364	0.246	0.327

2012/10/21 16:42
s219_2nd_20121021
	1	2	3	4	5	6	7	8	9	10	11	12
A	0.178	0.795	0.346	0.276	0.326	0.719	0.21	0.337	0.306	0.891	0.434	0.379
B	0.325	0.439	0.796	0.737	0.614	0.301	0.659	0.756	0.544	0.371	0.789	0.642
C	1.387	0.374	0.337	0.414	0.778	0.376	0.249	0.344	0.655	0.403	0.395	0.431
D	0.352	1.11	0.573	0.7	0.917	1.111	0.623	0.651	0.689	0.898	0.411	0.413
E	0.284	1.019	0.362	0.413	0.347	0.918	0.192	0.34	0.349	0.93	0.445	0.344
F	0.726	0.407	0.677	0.463	0.626	0.329	0.573	0.441	1.007	0.37	0.536	0.326
G	0.326	0.392	0.367	0.33	0.429	0.148	0.412	0.389	0.394	0.442	0.372	0.354
H	0.123	0.641	0.488	0.538	0.406	0.445	0.455	0.458	0.34	0.432	0.371	0.499

2012/10/21 16:47
s223_2nd_20121021
	1	2	3	4	5	6	7	8	9	10	11	12
A	0.212	0.83	0.219	0.308	0.116	0.58	0.346	0.405	0.199	0.681	0.366	0.211
B	0.535	0.368	0.774	0.899	0.521	0.208	0.812	0.873	0.557	0.388	0.672	0.636
C	1.548	0.346	0.259	0.299	0.79	0.328	0.352	0.217	0.781	0.34	0.335	0.279
D	0.605	0.991	0.484	0.645	0.99	1.137	0.511	0.611	0.681	0.771	0.22	0.404
E	0.257	0.987	0.333	0.417	0.318	1.04	0.195	0.464	0.344	0.675	0.178	0.418
F	0.982	0.308	0.531	0.312	0.413	0.35	0.558	0.428	0.611	0.356	0.388	0.361
G	0.292	0.344	0.305	0.289	0.343	0.379	0.372	0.211	0.261	0.32	0.273	0.315
H	0.29	0.363	0.408	0.477	0.156	0.381	0.262	0.485	0.305	0.469	0.273	0.463

2012/10/21 16:50
s225_2nd_20121021
	1	2	3	4	5	6	7	8	9	10	11	12
A	0.338	0.995	0.435	0.596	0.33	1.048	0.367	0.442	0.487	1.107	0.49	0.445
B	0.783	0.443	1.13	1.143	0.86	0.342	1.195	1.145	0.88	0.439	0.915	0.791
C	1.215	0.517	0.426	0.398	1.221	0.395	0.076	0.383	1.029	0.478	0.373	0.366
D	1.694	1.173	0.854	1.008	1.235	1.219	0.939	0.915	1.164	1.165	0.671	0.507
E	0.384	1.186	0.385	0.436	0.447	1.198	0.374	0.462	0.456	1.172	0.46	0.418
F	1.675	0.375	1.116	0.536	1.26	0.33	1.002	0.707	1.142	0.37	0.647	0.355
G	0.273	0.631	0.32	0.246	0.307	0.774	0.328	0.359	0.403	0.735	0.368	0.348
H	0.243	0.462	0.436	0.885	0.34	0.552	0.478	0.708	0.451	0.753	0.484	0.617

2012/10/21 16:54
s254_2nd_20121021
	1	2	3	4	5	6	7	8	9	10	11	12
A	0.204	1.151	0.309	0.343	0.306	1.08	0.354	0.401	0.335	1.053	0.363	0.437
B	0.65	0.269	1.329	1.167	0.825	0.339	1.15	1.193	0.85	0.507	0.703	0.809
C	1.078	0.299	0.22	0.296	1.083	0.387	0.186	0.366	1.032	0.305	0.247	0.313
D	1.552	1.219	0.713	1.002	1.186	1.176	0.869	0.845	1.14	0.851	0.592	0.438
E	0.326	1.107	0.344	0.339	0.435	1.139	0.371	0.535	0.417	1.174	0.304	0.389
F	1.467	0.326	1.02	0.745	1.195	0.388	0.902	0.642	1.115	0.351	0.577	0.316
G	0.31	0.644	0.361	0.323	0.373	0.728	0.338	0.325	0.562	0.504	0.412	0.257
H	0.303	0.508	0.402	0.765	0.32	0.519	0.416	0.685	0.286	0.817	0.427	0.503

2012/10/21 16:58
s258_2nd_20121021
	1	2	3	4	5	6	7	8	9	10	11	12
A	0.163	1.211	0.207	0.142	0.302	0.564	0.332	0.222	0.245	0.997	0.296	0.298
B	0.626	0.1	1.038	1.012	0.567	0.159	0.919	1.019	0.649	0.153	0.653	0.411
C	1.191	0.139	0.282	0.156	0.894	0.587	0.229	0.355	0.778	0.252	0.243	0.29
D	1.914	1.224	0.714	0.802	1.095	1.103	0.52	0.576	0.806	0.937	0.275	0.36
E	0.253	1.145	0.367	0.386	0.336	1.154	0.31	0.416	0.342	0.936	0.41	0.297
F	1.581	0.289	0.522	0.294	1.185	0.268	0.674	0.428	0.602	0.296	0.382	0.361
G	0.524	0.79	0.309	0.085	0.157	0.356	0.386	0.225	0.225	0.187	0.153	0.227
H	0.318	0.559	0.328	0.592	0.318	0.397	0.464	0.578	0.276	0.671	0.391	0.401