2012/11/11 11:09
s1_20121111
	1	2	3	4	5	6	7	8	9	10	11	12
A	0.2	1.168	0.384	0.616	0.305	1.323	0.372	0.648	0.171	1.217	0.449	0.922
B	0.843	0.332	1.201	1.213	0.693	0.106	1.185	1.275	0.793	0.157	1.217	1.254
C	1.354	0.325	0.257	0.269	1.194	0.33	0.252	0.303	1.23	0.225	0.305	0.407
D	1.458	1.115	0.896	1.11	1.137	1.161	0.976	1.185	1.187	1.26	0.946	1.129
E	0.252	1.097	0.371	0.379	0.32	1.121	0.253	0.481	0.28	1.155	0.233	0.499
F	1.372	0.26	1.023	0.499	1.178	0.241	1.096	0.552	1.13	0.252	1.118	0.599
G	0.294	0.851	0.333	0.24	0.234	0.758	0.296	0.31	0.327	0.805	0.182	0.349
H	0.32	0.81	0.752	1.02	0.399	0.757	0.757	1.088	0.253	0.708	0.617	0.967

2012/11/11 11:13
s5_20121111
	1	2	3	4	5	6	7	8	9	10	11	12
A	0.22	1.169	0.315	0.471	0.265	1.299	0.31	0.562	0.286	1.29	0.291	0.894
B	0.73	0.141	1.216	1.22	0.684	0.181	1.33	1.16	0.819	0.206	1.384	1.38
C	1.35	0.232	0.131	0.292	1.188	0.236	0.182	0.231	1.097	0.338	0.166	0.417
D	1.394	1.24	0.901	1.103	1.145	1.16	0.714	1.042	1.17	1.279	0.97	1.108
E	0.329	1.121	0.361	0.45	0.409	1.099	0.25	0.366	0.365	1.165	0.377	0.442
F	1.282	0.202	0.843	0.58	1.194	0.178	1.017	0.539	1.19	0.285	1.001	0.687
G	0.333	0.826	0.153	0.188	0.283	0.76	0.134	0.218	0.203	0.799	0.187	0.354
H	0.365	0.717	0.58	0.966	0.3	0.607	0.823	0.976	0.237	0.71	0.737	0.983

2012/11/11 11:16
s201_20121111
	1	2	3	4	5	6	7	8	9	10	11	12
A	0.176	1.194	0.198	0.582	0.358	1.242	0.342	0.604	0.279	1.33	0.429	0.565
B	0.746	0.127	1.347	1.412	0.932	0.23	1.418	1.463	0.837	0.221	1.325	1.345
C	1.27	0.479	0.751	0.281	1.25	0.187	0.285	0.249	1.197	0.531	0.276	0.43
D	1.306	1.157	0.922	1.123	1.207	1.182	0.874	1.214	1.192	1.357	0.938	1.181
E	0.353	1.034	0.79	0.334	0.275	1.159	0.25	0.397	0.427	1.27	0.372	0.543
F	1.305	0.175	1.016	0.45	1.186	0.276	1.1	0.53	1.193	0.345	1.017	0.746
G	0.349	0.754	0.127	0.147	0.262	0.844	0.119	0.261	0.218	0.912	0.992	0.312
H	0.348	0.596	0.702	0.906	0.243	0.487	0.734	1.015	0.227	0.678	0.7	1.007

2012/11/11 11:20
s203_20121111
	1	2	3	4	5	6	7	8	9	10	11	12
A	0.193	1.283	0.368	0.524	0.255	1.252	0.412	0.472	0.319	1.322	0.328	0.569
B	0.697	0.197	1.474	1.234	0.906	0.219	1.353	1.434	0.817	0.179	1.471	1.277
C	1.398	0.286	0.137	0.276	1.144	0.183	0.154	0.211	1.211	0.247	0.197	0.394
D	1.359	1.101	0.79	1.045	1.132	1.163	0.718	1.147	1.224	0.74	0.851	1.113
E	0.347	0.954	0.29	0.223	0.251	1.058	0.27	0.299	0.221	1.189	0.29	0.509
F	1.346	0.215	0.919	0.408	1.151	0.144	0.97	0.474	1.223	0.132	1.103	0.73
G	0.311	0.757	0.141	0.159	0.174	0.617	0.203	0.177	0.18	0.646	0.18	0.35
H	0.341	0.622	0.69	0.889	0.235	0.61	0.613	0.905	0.229	0.63	0.641	0.953

2012/11/11 11:24
s204_20121111
	1	2	3	4	5	6	7	8	9	10	11	12
A	0.194	1.235	0.382	0.505	0.362	1.319	0.222	1.045	0.27	1.413	0.406	0.453
B	0.659	0.257	1.219	1.281	0.927	1.008	1.408	1.438	1.295	1.193	1.297	1.208
C	1.407	0.182	1.005	0.944	1.153	0.378	1.124	1.069	1.106	0.185	0.111	0.461
D	1.454	1.134	1.102	0.908	1.117	0.907	0.743	1.054	1.168	1.313	0.795	1.136
E	0.317	0.972	0.978	0.92	0.384	1.021	0.402	0.857	0.976	1.147	0.65	1.01
F	1.368	0.248	0.868	0.97	1.07	0.462	0.986	0.395	1.23	0.931	1.147	0.716
G	0.301	0.831	0.691	0.136	0.191	0.779	0.332	0.887	0.188	0.82	0.071	0.369
H	0.306	0.607	0.726	0.878	0.426	0.988	0.86	0.901	1.022	0.714	0.833	0.985

2012/11/11 11:27
s207_20121111
	1	2	3	4	5	6	7	8	9	10	11	12
A	0.197	1.348	0.338	0.554	0.339	1.229	0.431	0.536	0.378	1.224	0.712	0.422
B	0.817	0.235	1.487	1.316	0.89	0.333	1.346	1.301	0.895	0.37	1.27	1.254
C	1.311	0.169	1.077	0.429	1.229	0.26	0.22	0.443	1.124	0.459	0.226	0.433
D	1.422	1.171	0.714	0.948	1.178	1.25	1.023	1.016	1.201	1.288	1.125	0.957
E	0.284	1.106	0.455	0.523	0.239	1.249	0.785	0.53	0.417	1.232	0.537	1.027
F	1.304	0.381	1.11	0.625	1.213	0.407	1.109	0.686	1.146	0.563	0.979	0.62
G	0.318	0.798	0.403	0.211	0.463	0.701	0.442	0.41	0.455	0.931	0.29	0.362
H	0.194	0.653	0.702	0.856	0.378	0.476	0.703	0.881	0.365	0.664	0.634	0.972

2012/11/11 11:30
s208_20121111
	1	2	3	4	5	6	7	8	9	10	11	12
A	0.251	0.931	0.338	0.393	0.291	1.013	0.385	0.541	0.409	1.077	0.913	0.29
B	0.64	0.188	1.231	1.307	0.768	0.938	1.312	1.319	0.895	0.149	1.26	1.21
C	1.436	0.271	0.127	0.239	1.211	0.24	0.909	0.943	1.165	0.453	0.131	0.39
D	1.297	1.173	0.842	0.99	1.22	0.931	1.012	1.08	1.18	1.182	1.024	0.96
E	0.366	0.617	0.365	0.527	0.483	1.166	0.51	0.105	0.204	0.977	0.489	0.399
F	1.146	0.364	1.03	0.346	1.084	0.151	0.986	0.344	1.029	0.505	0.896	0.988
G	0.308	0.61	0.357	0.161	0.94	0.849	0.825	0.88	0.384	0.786	0.949	0.336
H	0.313	0.523	0.492	0.76	0.382	0.561	0.585	0.665	0.375	0.655	0.518	0.895

2012/11/11 11:34
s210_20121111
	1	2	3	4	5	6	7	8	9	10	11	12
A	0.228	1.018	0.344	0.807	0.747	1.076	0.366	0.967	0.981	1.363	0.409	0.293
B	0.59	0.179	1.218	1.149	0.796	0.176	1.203	1.211	0.864	1.149	1.329	1.229
C	1.458	0.217	0.186	0.217	1.132	0.199	0.104	1.037	1.124	0.383	1.062	0.278
D	1.346	0.878	0.735	0.782	1.155	1.157	0.699	1.034	1.149	1.011	1.041	1.029
E	0.291	0.67	0.3	0.393	1.061	0.732	0.227	0.979	0.187	0.911	1.011	0.258
F	1.011	0.224	0.867	0.278	0.808	0.905	0.785	0.412	0.921	0.888	0.736	0.383
G	0.356	0.555	0.148	0.13	0.174	0.437	0.818	0.921	0.948	0.506	0.127	0.877
H	0.338	0.406	0.538	0.734	0.971	0.245	0.431	0.831	0.926	0.332	0.934	0.921

2012/11/11 11:37
s211_20121111
	1	2	3	4	5	6	7	8	9	10	11	12
A	0.186	0.294	0.334	0.515	0.258	0.327	0.306	0.539	1.084	0.266	0.336	0.52
B	0.479	0.14	1.098	0.946	0.525	0.132	1.218	1.105	0.576	0.219	1.19	1.056
C	0.392	0.137	0.115	1.005	0.43	0.244	0.452	1.087	0.443	0.328	1.058	0.336
D	0.348	0.897	0.55	0.624	0.436	0.9	0.731	1.09	0.36	1.078	0.717	0.911
E	0.275	0.682	0.123	1.022	0.17	0.1	0.122	0.125	0.193	0.109	0.118	0.231
F	0.13	0.139	0.591	0.099	0.301	0.311	0.727	0.111	1.032	0.193	0.796	0.868
G	0.312	0.213	0.096	0.116	0.119	0.258	0.095	0.099	0.15	1.061	0.108	1.023
H	0.31	0.313	0.53	0.746	0.163	0.243	0.84	0.566	0.173	0.278	0.617	0.703

2012/11/11 11:40
s212_20121111
	1	2	3	4	5	6	7	8	9	10	11	12
A	0.216	1.057	0.356	0.43	0.364	1.029	0.991	0.472	0.18	1.02	0.422	0.39
B	0.635	0.254	1.292	1.223	0.835	0.226	1.259	1.268	0.891	0.208	1.168	1.143
C	1.467	0.927	0.902	0.214	1.238	0.225	1.031	1.055	1.218	0.204	0.122	0.426
D	1.415	1.175	0.891	0.852	1.194	0.921	0.769	1.018	1.16	1.238	0.93	0.822
E	0.3	1.005	0.442	0.481	0.339	1.018	0.432	0.27	1.063	1.071	0.461	0.392
F	1.078	0.33	0.879	0.172	0.72	0.188	0.935	0.319	1.041	0.369	0.8	0.55
G	0.285	0.822	0.355	0.871	0.243	0.706	0.901	0.956	0.152	0.785	0.144	0.36
H	0.293	0.637	0.574	0.956	0.392	0.649	0.687	0.758	0.349	0.846	0.586	0.866

2012/11/11 11:44
s213_20121111
	1	2	3	4	5	6	7	8	9	10	11	12
A	0.31	1.103	0.371	0.618	0.419	1.021	0.423	0.518	0.404	1.093	0.44	0.527
B	0.655	0.129	1.155	1.173	1.001	0.148	1.231	1.227	0.976	0.171	1.219	1.153
C	1.205	0.426	0.294	0.254	1.133	0.229	1.086	0.324	1.096	0.374	0.201	0.456
D	1.203	1.08	0.85	1.027	1.128	1.14	0.904	1.154	1.145	1.255	0.61	1.109
E	0.317	0.855	0.358	0.35	0.449	1.079	0.348	0.644	0.498	1.209	0.422	0.518
F	1.071	0.188	0.923	0.35	1.005	0.181	0.79	0.461	0.924	0.29	1.018	0.642
G	0.309	0.732	0.904	0.159	0.248	0.708	0.178	0.202	0.342	0.784	0.272	0.369
H	0.385	0.541	0.494	0.93	0.925	0.776	0.776	0.975	0.399	0.956	0.717	0.946

2012/11/11 11:52
s216_20121111
	1	2	3	4	5	6	7	8	9	10	11	12
A	0.234	1.2	0.339	0.645	0.299	1.166	0.34	0.708	0.357	1.081	0.456	0.478
B	0.68	0.205	1.074	1.207	0.82	0.171	1.249	1.216	0.706	0.218	1.219	1.204
C	1.256	0.421	0.187	0.388	1.217	0.378	0.137	0.258	1.206	0.412	0.185	0.454
D	1.286	1.121	0.675	0.998	1.208	1.196	0.944	1.102	1.207	1.271	0.921	1.119
E	0.309	0.819	0.314	0.232	0.29	1.16	0.296	0.385	0.401	1.099	0.352	0.519
F	1.113	0.199	0.937	0.355	1.074	0.163	0.932	0.448	0.898	0.228	1.01	0.599
G	0.312	0.602	0.175	0.14	0.265	0.643	0.147	0.187	0.179	0.765	0.261	0.365
H	0.355	0.694	0.665	0.953	0.34	0.836	0.684	1.05	0.352	1.018	0.734	0.89

2012/11/11 11:56
s217_20121111
	1	2	3	4	5	6	7	8	9	10	11	12
A	0.15	1.279	0.884	0.533	1.167	1.167	0.414	0.768	0.985	1.199	0.444	0.447
B	0.401	1.031	1.457	1.234	0.759	0.321	1.222	1.269	1.077	0.109	1.347	1.204
C	1.341	0.258	0.924	0.226	1.297	0.35	0.795	0.253	1.233	0.487	0.062	0.449
D	1.563	1.09	0.91	0.942	1.187	1.246	0.8	1.161	1.244	1.299	0.734	0.832
E	0.143	0.925	0.243	0.245	0.219	1.168	0.301	0.366	0.327	1.237	0.15	0.477
F	1.324	0.148	1.046	0.326	0.547	0.145	0.939	0.507	0.948	0.209	1.141	0.652
G	0.27	0.937	0.107	0.153	0.079	0.929	0.138	0.239	0.216	0.761	0.196	0.331
H	0.902	1.036	0.432	0.844	1.123	0.964	0.732	1.089	0.4	1.034	0.644	0.614

2012/11/11 11:59
s218_20121111
	1	2	3	4	5	6	7	8	9	10	11	12
A	0.225	1.124	0.885	1.043	0.328	1.177	0.449	0.631	0.291	1.173	0.33	0.454
B	0.716	0.15	1.294	0.967	0.868	0.981	1.327	1.273	0.927	0.373	1.31	1.077
C	1.623	0.457	0.098	0.451	1.172	0.491	0.104	0.463	1.166	0.358	0.125	0.425
D	1.476	1.153	0.619	0.933	1.204	1.242	0.505	1.083	1.179	1.286	0.932	0.889
E	0.284	0.815	0.292	0.463	0.988	1.199	0.228	0.479	0.38	1.281	0.506	0.294
F	1.21	0.227	1.046	0.59	1.165	0.193	0.985	0.642	0.481	0.531	0.893	0.582
G	0.344	0.78	0.407	0.158	0.475	0.796	0.38	0.428	0.366	0.766	0.241	0.839
H	0.399	0.627	0.722	0.939	0.171	0.749	0.68	0.877	0.243	0.811	0.588	0.863

2012/11/11 12:03
s219_20121111
	1	2	3	4	5	6	7	8	9	10	11	12
A	0.216	1.253	0.352	0.661	0.349	1.267	0.371	0.668	0.359	1.247	0.438	0.453
B	0.706	0.189	1.236	1.279	0.736	0.139	1.283	1.344	0.854	0.151	1.312	1.248
C	1.527	0.351	0.159	0.411	1.209	0.407	0.179	0.293	1.133	0.312	0.193	0.409
D	1.492	1.063	0.874	1.082	1.231	1.208	0.908	1.221	1.261	1.224	1.042	1.143
E	0.29	0.887	0.381	0.405	0.378	1.135	0.321	0.433	0.381	1.17	0.531	0.502
F	1.281	0.258	1.024	0.432	1.12	0.198	1.003	0.562	1.109	0.321	1.073	0.602
G	0.32	0.606	0.256	0.26	0.305	0.721	0.195	0.206	0.39	0.821	0.313	0.373
H	0.382	0.545	0.664	0.895	0.417	0.644	0.759	1.038	0.371	1.024	0.721	0.828

2012/11/11 12:06
s223_20121111
	1	2	3	4	5	6	7	8	9	10	11	12
A	0.245	1.283	0.345	0.52	0.299	1.205	0.744	1.003	0.376	1.309	0.425	0.444
B	0.712	0.153	1.116	1.282	0.885	0.286	1.288	1.305	0.71	0.113	1.288	1.218
C	1.401	0.275	0.965	0.313	1.227	0.262	1.02	1.113	1.024	0.456	0.913	0.471
D	1.263	1.086	0.918	0.94	1.171	1.106	1.026	1.085	0.997	1.228	0.916	1.052
E	0.353	0.763	0.307	0.221	0.309	0.997	0.295	0.541	0.293	1.222	0.614	1.006
F	1.228	0.223	0.941	0.974	1.134	0.219	0.982	0.636	1.13	0.193	1.059	0.905
G	0.355	0.698	0.932	0.188	0.223	0.74	0.141	0.983	1.052	0.925	0.828	0.4
H	0.354	0.483	0.706	0.809	0.386	0.653	0.899	0.885	0.881	0.954	0.792	0.696

2012/11/11 14:08
s225_20121111
	1	2	3	4	5	6	7	8	9	10	11	12
A	0.251	1.142	0.294	0.407	0.256	1.191	0.349	0.584	0.368	1.134	0.358	0.419
B	0.648	0.252	1.121	1.028	0.625	0.111	1.114	1.357	0.583	0.374	1.15	1.052
C	1.362	0.434	0.11	0.396	1.174	0.129	0.927	0.225	1.132	0.313	0.228	0.962
D	1.285	1.049	0.905	1.063	1.207	0.986	0.641	1.086	1.21	1.207	0.756	1.046
E	0.316	0.688	0.249	0.178	0.401	0.871	0.165	0.216	0.219	1.008	0.287	0.456
F	1.093	0.2	0.873	0.802	1.034	0.663	0.997	0.6	0.96	0.18	0.855	0.426
G	0.309	0.782	0.179	0.181	0.19	0.587	0.633	1.004	1.031	0.623	0.261	0.378
H	0.358	0.525	0.609	0.739	0.367	0.601	0.997	0.875	0.986	0.491	0.675	0.907

2012/11/11 14:11
s254_20121111
	1	2	3	4	5	6	7	8	9	10	11	12
A	0.239	0.97	0.302	0.443	1.148	1.058	0.368	0.56	0.366	1.076	0.399	0.396
B	0.681	0.155	1.366	1.235	1.188	0.266	1.197	0.932	0.616	0.147	1.174	1.156
C	1.478	0.421	1.099	0.292	1.207	0.288	0.204	0.31	1.168	0.281	0.164	0.413
D	1.403	1.139	1.109	1.034	1.217	1.148	0.83	0.922	1.301	1.149	0.96	1.068
E	0.33	0.66	0.389	0.384	1.12	1.187	0.904	0.211	0.325	0.886	0.366	0.425
F	1.215	0.294	1.006	0.322	1.134	0.242	0.937	0.267	0.936	0.194	1.027	0.462
G	0.329	0.782	0.234	0.286	0.248	0.689	0.964	0.997	0.261	0.692	0.176	0.331
H	0.352	0.564	0.659	0.906	0.364	0.819	0.529	0.81	0.299	0.692	0.824	0.89

2012/11/11 14:16
s258_20121111
	1	2	3	4	5	6	7	8	9	10	11	12
A	0.228	1.137	0.29	0.335	0.259	1.039	0.34	0.403	0.381	1.112	0.407	0.362
B	0.931	0.168	1.256	1.05	0.88	0.139	1.218	1.225	0.702	0.205	1.247	1.055
C	1.427	0.262	0.12	0.255	1.175	0.234	0.16	0.295	1.259	0.265	0.282	0.445
D	1.438	1.084	0.857	0.961	1.258	1.14	0.905	0.981	1.221	1.116	0.953	0.971
E	0.31	0.787	0.301	0.228	0.368	1.035	0.334	0.261	0.402	0.969	0.467	0.424
F	1.315	0.265	0.964	0.343	1.117	0.238	1.031	0.366	1.162	0.318	1.123	0.626
G	0.328	0.618	0.252	0.199	0.247	0.686	0.381	0.267	0.292	0.748	0.225	0.311
H	0.329	0.624	0.552	0.936	0.402	0.626	0.625	0.899	0.386	0.897	0.55	0.53

2012/11/11 14:19
s259_20121111
	1	2	3	4	5	6	7	8	9	10	11	12
A	0.239	1.285	0.372	0.518	0.384	1.142	0.417	0.546	0.429	1.163	0.425	0.431
B	0.831	0.248	1.351	1.275	0.943	0.197	1.292	1.284	0.755	0.277	1.281	1.18
C	1.301	0.373	0.132	0.953	1.193	1.081	0.135	0.298	1.06	0.505	0.164	0.397
D	1.449	1.154	0.963	1.104	1.206	1.221	0.79	1.254	1.259	1.219	0.853	1.084
E	0.321	1.105	0.439	0.294	0.399	0.997	0.419	0.274	0.406	1.247	0.251	0.442
F	1.376	0.3	0.754	0.966	1.217	0.953	0.997	0.319	0.969	0.26	1.127	0.509
G	0.352	0.919	0.79	0.934	0.332	0.825	0.233	0.205	0.373	0.69	0.24	0.329
H	0.347	0.781	0.556	0.877	0.42	0.729	0.987	0.711	0.284	0.787	0.631	0.681

2012/11/11 14:22
control1_20121111
	1	2	3	4	5	6	7	8	9	10	11	12
A	0.246	1.211	0.416	0.425	0.36	1.136	0.907	1.016	0.97	1.203	0.923	0.762
B	0.504	0.134	1.337	1.251	1.066	0.297	1.26	1.333	0.897	0.337	1.247	1.184
C	0.752	0.271	0.371	0.322	1.151	0.337	0.313	0.412	1.177	0.367	0.893	1.141
D	0.488	0.667	0.671	0.992	1.13	1.22	0.987	1.259	1.201	1.189	0.941	1.193
E	0.304	0.758	0.334	0.399	0.354	1.215	0.392	0.494	1.166	1.208	0.426	0.486
F	0.782	0.361	0.707	0.457	1.274	0.279	0.96	0.62	1.085	0.401	1.112	0.551
G	0.279	0.334	0.347	0.249	0.333	0.786	0.307	0.31	0.382	0.826	0.347	0.352
H	0.303	0.577	0.441	0.67	0.349	0.698	0.803	0.586	0.319	0.628	0.504	0.67

2012/11/11 14:26
control2_20121111
	1	2	3	4	5	6	7	8	9	10	11	12
A	0.22	1.07	0.314	0.409	0.508	1.255	0.448	0.482	0.985	1.153	0.952	0.204
B	0.445	0.291	1.295	1.284	0.813	0.848	1.228	1.322	0.597	0.302	1.341	1.219
C	0.743	0.242	0.279	0.336	1.181	0.3	0.299	0.39	1.116	0.332	0.061	0.439
D	0.503	0.716	0.472	0.956	0.971	1.009	1.064	1.031	1.185	1.163	0.84	1.142
E	0.271	0.619	0.292	0.383	0.342	1.099	0.339	0.465	0.354	1.186	0.565	0.54
F	0.604	0.329	0.659	0.477	0.248	0.342	0.922	0.546	1.219	0.355	1.053	0.683
G	0.363	0.312	0.483	0.256	0.293	0.25	0.291	0.364	0.391	0.453	0.339	0.379
H	0.184	0.513	0.439	0.569	0.349	0.717	0.546	0.773	0.356	0.656	0.619	0.617

2012/11/11 14:30
control3_20121111
	1	2	3	4	5	6	7	8	9	10	11	12
A	0.21	1.137	0.309	0.48	0.335	1.141	0.394	0.377	0.968	1.031	0.344	0.389
B	0.512	0.31	1.384	1.187	0.655	0.29	1.248	1.354	0.657	0.335	1.312	1.33
C	0.758	0.435	0.282	0.317	1.231	0.364	0.31	0.15	1.136	0.494	0.326	0.52
D	0.622	1.094	0.809	0.811	1.118	1.245	0.398	1.014	1.084	1.249	1.046	0.993
E	0.342	0.909	0.29	0.375	0.352	0.959	0.414	1.058	0.443	1.149	0.553	0.465
F	0.588	0.321	0.82	0.396	1.155	0.061	0.957	0.137	1.081	0.34	1.075	0.56
G	0.312	0.623	0.383	0.332	0.359	0.654	0.33	0.28	0.332	0.751	0.341	0.372
H	0.384	0.649	0.441	0.588	0.311	0.514	0.605	0.721	0.339	0.675	0.519	0.612

2012/11/11 14:35
control4_20121111
	1	2	3	4	5	6	7	8	9	10	11	12
A	0.194	1.128	0.318	0.382	0.312	1.192	0.367	0.422	0.363	0.988	0.341	0.311
B	0.714	0.374	1.271	1.103	0.629	0.296	1.119	1.267	0.516	0.316	1.119	1.052
C	0.805	0.349	0.254	0.321	1.131	0.348	1.059	1.103	1.162	0.364	0.311	0.994
D	0.706	1.051	0.761	0.896	1.066	0.971	0.462	0.716	1.085	0.977	0.697	1.022
E	0.287	0.943	0.397	0.391	0.376	0.898	0.368	0.268	0.359	1.034	0.427	1
F	0.491	0.261	0.789	0.479	0.85	0.905	0.929	0.576	0.932	0.906	0.834	0.459
G	0.373	0.521	0.317	0.331	0.997	0.663	0.244	0.961	0.878	0.892	0.31	0.971
H	0.399	0.715	0.428	0.727	0.361	0.681	0.341	0.273	0.489	0.613	0.615	0.501

2012/11/11 14:38
control5_20121111
	1	2	3	4	5	6	7	8	9	10	11	12
A	0.192	1.162	0.27	0.351	0.334	1.032	0.39	0.428	0.376	1.024	0.332	0.313
B	0.601	0.336	1.338	1.25	0.865	0.311	1.194	1.218	0.752	0.352	1.285	1.207
C	0.945	0.368	0.235	0.364	1.136	0.373	0.309	0.412	1.111	0.406	0.308	0.471
D	0.39	1.066	0.6	0.887	1.088	1.087	0.943	0.974	1.134	1.171	0.979	0.978
E	0.204	1.017	0.392	0.378	0.395	0.886	0.389	0.442	0.401	0.902	0.491	0.461
F	0.106	0.196	0.835	0.468	0.948	0.304	0.902	0.511	0.805	0.354	0.996	0.519
G	0.304	0.716	0.331	0.367	0.34	0.653	0.342	0.364	0.358	0.694	0.34	0.364
H	0.298	0.725	0.483	0.777	0.378	0.707	0.489	0.774	0.363	0.664	0.511	0.62

2012/11/11 14:42
control6_20121111
	1	2	3	4	5	6	7	8	9	10	11	12
A	0.256	1.103	0.284	0.332	0.311	1.063	0.391	0.419	0.389	1.116	0.325	0.399
B	0.512	0.291	1.342	1.109	0.745	0.312	1.119	1.193	0.766	0.328	1.392	1.164
C	0.732	0.285	0.275	0.356	1.198	0.387	0.301	0.412	1.079	0.401	0.33	0.495
D	0.695	0.824	0.777	0.877	1.067	1.084	0.907	0.995	1.097	1.121	0.983	0.969
E	0.274	0.909	0.377	0.382	0.385	0.874	0.421	0.449	0.443	0.957	0.516	0.461
F	0.699	0.313	0.682	0.478	1.05	0.367	0.905	0.554	1.045	0.372	1.005	0.543
G	0.313	0.509	0.329	0.326	0.376	0.625	0.34	0.374	0.38	0.657	0.36	0.374
H	0.304	0.733	0.512	0.718	0.333	0.607	0.522	0.688	0.377	0.59	0.496	0.621

2012/11/11 14:45
control7_20121111
	1	2	3	4	5	6	7	8	9	10	11	12
A	0.285	1.035	0.364	0.36	0.376	1.071	0.417	0.445	0.41	1.025	0.388	0.362
B	0.549	0.385	1.198	1.204	0.786	0.346	1.091	1.093	0.7	0.384	1.119	1.048
C	0.801	0.469	0.435	0.372	1.138	0.396	0.339	0.436	1.003	0.427	0.348	0.432
D	0.71	1.081	0.849	0.808	1.115	1.067	0.889	0.821	1.071	1.113	0.987	0.91
E	0.301	1.06	0.45	0.423	0.406	0.947	0.436	0.441	0.412	0.894	0.477	0.455
F	0.537	0.465	0.885	0.554	1.034	0.39	0.877	0.586	0.866	0.391	0.879	0.523
G	0.363	0.513	0.385	0.319	0.368	0.653	0.334	0.389	0.38	0.681	0.251	0.329
H	0.424	0.429	0.533	0.679	0.386	0.652	0.453	0.744	0.393	0.606	0.493	0.465